119
116
136
128
106
130
74
139
136
375
1017
146
1274
860
242
131
126
134
142
164
153
118
253
732
1744
100
126
110
102
1091
1120
1232
854
84
158
88
118
84
98
132
76
108
104
74
138
96
50
118
98
136
94
108
132
86
143
120
85
1
78
107
98
137
94
118
115
127
132
132
102
144
139
120
96
118
156
96
78
85
120
131
152
93
123
159
71
69
101
294
146
114
90
118
130
108
132
112
108
102
102
112
104
132
128
102
127
114
114
96
128
121
100
104
110
66
100
90
142
110
98
102
128
130
80
126
110
88
128
146
104
133
116
76
130
144
62
134
140
130
106
76
117
96
138
112
114
124
141
109
138
138
107
133
80
144
136
108
94
140
146
88
130
114
68
134
108
80
133
130
100
128
128
102
130
140
92
126
132
102
136
126
134
102
130
131
97
138
134
62
149
130
96
167
132
116
116
118
114
102
132
90
136
140
126
108
136
114
104
130
137
102
124
138
56
66
82
178
120
106
102
143
85
45
122
511
10
24
144
440
23
13
1
101
