80
9
109
92
432
316
406
194
477
332
107
22
32
28
34
29
28
22
30
25
32
24
30
32
34
22
32
30
24
32
20
32
24
32
34
26
28
36
24
32
30
223
194
23
31
27
31
24
22
24
38
28
31
1
43
22
32
26
34
30
26
32
34
26
34
30
24
36
46
29
32
26
34
26
26
24
34
26
34
26
18
34
22
36
24
32
26
30
30
29
22
34
30
26
36
22
32
24
32
20
32
24
28
22
30
22
26
28
22
32
28
30
34
32
24
32
32
26
32
20
28
26
30
30
36
32
22
30
22
26
20
32
24
30
30
26
34
22
26
26
28
34
24
34
20
28
28
22
26
26
24
32
18
28
24
30
24
32
22
24
30
24
27
20
