263
1250
1912
147
210
96
83
87
72
72
78
102
72
88
129
1670
96
72
78
72
72
96
72
78
73
83
73
74
107
72
72
72
82
91
72
72
80
92
77
74
96
72
72
75
72
98
74
74
77
74
96
74
72
75
96
72
72
72
77
96
72
72
75
81
98
72
72
72
76
96
72
72
72
102
72
76
79
72
112
72
72
72
72
75
96
72
72
72
77
237
72
72
72
99
48
74
72
72
99
72
72
72
96
75
72
72
96
72
75
48
96
72
96
75
72
72
68
68
101
72
72
72
96
75
72
72
96
72
54
72
96
72
72
101
74
72
72
72
75
72
96
74
72
185
825
975
97
72
77
72
96
72
72
75
96
72
72
72
99
72
72
74
96
75
72
74
92
72
65
72
96
48
96
76
74
72
96
72
78
72
72
96
72
77
74
96
72
72
80
96
72
72
62
72
75
84
80
72
72
112
72
74
74
172
77
72
72
101
74
76
74
96
72
72
75
99
81
72
80
111
90
72
80
90
75
72
96
88
72
75
96
74
72
72
101
72
85
72
78
81
56
72
96
72
75
72
92
72
82
82
68
92
72
72
106
72
72
72
96
77
72
72
96
74
81
82
98
72
74
77
96
72
74
72
99
72
74
72
114
3
4
5
3
5
3
3
3
2
3
5
7
2
1
5
1
3
2
2
5