8
112
235
20
477
51
56
39
82
35
98
2
60
8
52
52
6
1
28
2
65
52
4
38
53
65
63
8
43
4
52
58
2
14
121
4
68
4
66
52
18
7
76
4
74
72
79
2
8
66
8
76
9
12
50
64
2
70
74
4
62
20
74
10
66
36
10
84
67
68
16
64
70
77
70
72
26
48
76
4
80
72
70
4
10
71
58
8
76
66
16
22
52
61
75
71
66
54
79
48
34
70
74
75
66
68
66
68
64
81
11
93
74
57
18
66
75
76
62
15
4
75
90
38
6
206
74
44
80
8
26
18
30
12
57
70
75
66
74
68
70
16
40
28
18
18
72
78
46
24
71
8
58
6
37
46
22
73
70
78
26
48
65
68
4
48
67
72
70
72
74
70
32
36
34
20
26
63
80
71
62
10
63
34
24
36
28
4
48
52
117
73
70
70
72
74
68
8
16
62
62
78
76
64
10
50
40
76
52
16
30
64
76
69
24
66
20
75
63
48
20
14
28
61
14
