623
2086
342
252
186
242
268
252
187
253
254
190
254
250
248
194
248
251
188
244
254
248
191
248
240
178
261
251
254
186
258
248
189
232
240
154
254
235
205
143
197
198
154
180
250
250
148
226
212
181
115
1
155
114
152
201
241
181
257
242
149
162
155
151
115
152
152
116
153
151
149
118
136
170
113
153
163
181
183
270
271
165
156
254
151
115
152
155
116
152
154
186
219
261
256
157
152
155
151
115
152
154
185
272
267
175
145
155
152
114
152
220
229
210
215
159
115
154
152
116
254
229
247
117
152
152
115
155
257
210
203
182
159
115
153
154
254
136
152
167
152
251
198
155
117
152
239
117
184
161
137
231
213
152
116
214
151
181
113
4
435
116
155
215
151
137
115
9
56
21
98
729
133
166
88
6
5
2
19
134
523
15
1
7
6
2
2
3
2
7
3
3
11
2
2
3
2
3
6
2
3
34
2
2
2
2
2
10
4
3
2
4
2
11
1
4
3
1
4
3
2
3
16
2
41
26
6
2
6
11
2
7
3
2
10
152
2
4
2
532
843
1779
190
177
169
163
163
149
144
150
147
154
153
144
144
151
157
204
146
146
144
108
147
146
144
144
144
150
144
144
144
144
146
146
146
144
144
148
144
147
114
138
147
77
3
1
14
3
4
6
1
1
1
5
7
7
3
3
16
21