79
226
2533
49
186
361
16
370
21
15
366
25
358
24
22
362
16
351
21
21
356
17
353
35
34
354
18
367
29
17
354
22
353
21
8
371
18
351
26
21
359
21
360
22
20
359
21
365
43
145
230
21
350
23
310
71
18
351
25
358
13
17
364
22
360
22
21
351
25
354
19
16
349
17
360
17
18
371
39
357
17
17
360
20
354
17
24
342
21
356
22
17
357
20
364
19
17
359
24
460
19
18
357
23
356
21
17
347
18
366
20
16
352
25
357
15
13
365
22
355
19
19
357
19
357
19
19
353
21
361
18
17
344
26
347
18
178
207
18
348
15
355
22
23
358
17
356
16
26
356
20
352
20
14
344
20
358
16
19
351
21
358
19
25
364
19
351
18
25
353
19
358
21
21
350
16
356
18
22
352
27
353
18
19
366
22
354
16
28
363
12
351
25
24
80
20
18
20
23
18
19
16
20
22
22
24
18
20
1679
350
20
354
20
23
356
18
358
18
50
316
347
21
90
27
23
18
19
23
19
20
17
19
25
21
20
18
20
18
19
17
16
20
21
19
20
30
19
20
17
22
19
15
24
26
16
2883
1098
27
15
26
18
20
23
20
219
18
20
22
22
20
20
18
24
23
17
20
18
25
19
19
17
20
21
48
19
17
20
22
21
21
21
20
21
19
17
17
2133
22
16
18