3
4
91
452
136
213
267
639
276
75
64
145
58
88
76
30
58
28
42
58
28
37
55
241
22
25
28
22
31
265
24
34
38
22
30
32
28
38
30
36
36
30
55
27
28
30
28
30
24
36
36
30
28
22
30
32
34
24
34
42
28
26
24
28
30
30
40
32
36
42
26
28
20
26
34
28
30
20
24
42
30
28
20
45
46
30
28
24
30
32
32
30
24
34
36
32
22
20
28
43
28
30
20
42
33
24
32
24
36
30
28
28
22
28
30
32
24
32
30
26
22
28
32
30
34
34
34
28
34
30
22
32
24
34
24
30
32
36
26
30
24
30
24
84
32
34
22
30
20
30
1
32
32
26
28
24
32
32
24
30
26
30
28
20
26
28
32
28
24
28
28
30
30
26
34
26
32
30
18
28
30
28
36
22
56
42
32
28
34
52
24
35
28
28
24
32
26
24
24
28
24
30
32
28
30
15
28
