11
130
144
401
320
247
142
49
106
32
83
68
28
42
32
32
36
28
28
33
30
28
26
36
32
30
50
32
32
30
36
36
32
30
34
32
46
36
32
26
20
32
32
38
28
32
36
32
32
30
26
34
26
32
34
32
46
30
30
32
30
36
40
28
46
41
46
32
32
30
32
32
32
30
28
24
44
34
34
32
30
50
28
30
34
1
34
32
32
24
32
28
28
34
30
22
28
30
20
28
28
28
26
32
30
30
36
36
32
32
30
32
30
26
32
34
34
22
69
34
38
32
46
36
32
30
30
32
30
34
38
26
28
38
30
36
32
30
26
32
26
22
30
26
26
30
32
32
28
30
26
32
28
32
32
36
22
26
28
30
34
30
32
34
30
30
32
30
28
34
32
36
28
28
30
40
30
32
44
48
32
48
48
30
37
50
28
32
30
30
40
32
34
36
34
32
24
38
34
34
28
32
32
34
38
32
30
28
28
30
34
28
34
28
52
30
28
30
30
32
28
30
30
32
26
32
42
32
32
32
36
32
30
28
28
30
28
32
32
28
30
28
32
82
88
26
37
45
26
46
34
24
24
30
36
28
32
32
38
28
30
26
34
38
32
42
36
36
32
30
28
34
32
36
38
32
28
34
36
28
32
34
34
34
36
34
28
36
44
40
32
34
34
34
34
32
36
22
38
36