37
12
127
214
80
241
196
53
250
416
32
65
64
55
54
36
36
35
34
76
27
32
24
24
34
24
30
36
25
34
28
32
28
24
32
18
32
36
30
24
30
24
32
32
22
30
24
32
30
24
36
32
24
34
32
24
32
30
32
32
20
36
30
28
28
28
24
44
28
30
32
24
34
34
22
32
26
36
39
22
32
29
37
28
26
32
30
24
32
32
26
30
20
28
34
22
30
24
34
36
26
34
28
34
38
26
36
34
26
34
24
259
24
29
28
22
27
22
24
31
21
27
32
16
26
21
33
23
22
29
21
25
29
25
27
28
16
32
19
33
24
19
29
20
31
24
24
28
23
24
31
22
32
28
28
22
34
32
24
30
22
32
30
32
32
22
28
22
28
22
32
32
24
32
22
34
34
22
1
34
34
36
22
32
22
40
34
28
32
52
26
32
22
34
32
26
38
30
24
37
30
24
30
24
34
32
26
32
26
24
38
18
36
30
26
32
36
24
36
28
24
34
24
32
28
32
34
24
32
34
20
36
32
22
28
22
32
30
24
32
34
22
38
24
30
24
107
89
30
45
26
28
31
28
32
20
30
32
22
36
30
24
34
24
34
34
24
34
32
22
34
22
34
32
34
30
28
34
34
32
36
24
36
36
26
32
16
30
34
24
32
32
22
38
26
32
38
16
48
26