395
265
799
2
10
11
39
2
1701
1280
3
4
2
57
434
496
2
3
2
2
2
3
2
4
1355
606
5
5
3
2
2
5
10
184
438
253
9
4
12
2
5
13
2
2
5
2
86
351
458
12
2
2
6
8
5
483
3930
2336
1008
2899
4558
1057
17
2
2
2
13
4
11
887
2776
1
4
9
2
9
2
2
131
400
406
7
12
62
1
220
413
288
4
3
5
2
4
5
4
4
8
215
432
248
2
2
3
4
4
123
248
364
272
4
6
2
8
7
9
131
636
169
156
3
3
6
5
217
462
201
5
2
4
3
3
2
2
3
87
310
477
2
3
4
4
2
7
185
675
46
3
1
5
4
4
3
98
344
421
3
94
2
3
47
271
503
60
2
5
220
156
3492
2723
75
3
2
2
4
3
67
468
384
3
4
2
3
63
3017
126
2
5
2
2
3
22
228
414
242
4
4
2
4
86
506
338
4
5
56
309
541
4
3
2
3
4
143
515
235
5
2
3
2
4
1
1
87
335
471
4
5
2
3
2
17
233
547
93
4
2
5
3
5
6
7
6
86
351
425
5
5
5
66
330
481
4
5
152
146
5
2
2
5
4
186
440
252
6
5
2
6
2
2
5
2
163
346
383
3
2
3
37
1487
254
942
1789
1501
1235
72
72
198
102
72
76
72
97
86
73
73
96
74
75
72
96
72