482
147
319
243
262
146
371
32
67
60
84
66
27
27
29
42
32
46
25
294
28
32
29
36
26
30
34
32
32
32
34
26
34
38
36
22
28
32
32
32
32
34
32
40
26
28
32
34
28
30
36
34
24
32
32
34
30
32
32
36
34
38
24
38
26
30
28
34
32
36
30
28
18
38
30
26
30
30
52
20
32
32
30
28
24
30
35
20
34
28
30
34
28
24
36
30
28
34
30
30
32
30
32
18
30
28
34
84
34
28
32
26
26
32
32
32
28
36
42
40
28
36
18
32
36
28
34
36
26
22
28
34
30
30
32
32
32
32
32
26
28
26
32
28
26
36
34
32
24
32
28
28
32
30
30
34
24
28
36
30
30
32
28
30
20
34
34
36
36
28
28
34
36
32
26
28
47
50
42
34
34
28
34
37
32
41
34
34
36
26
24
26
34
24
28
28
28
30
32
30
34
22
22
32
38
30
32
34
30
34
22
28
36
36
30
32
30
30
34
20
24
28
26
30
32
28
30
30
30
18
30
30
28
30
18
26
32
24
32
36
32
28
26
32
24
34
38
28
34
34
26
22
30
32
34
28
24
28
30
28
28
20
36
28
30
28
6
5
66
65
6
1
28
22
32
28
30
34
32
24
24
32
18
28
24
30
24
29
22
34
30
26
36
29
22
34
30
26
36
22