145
124
88
66
88
92
90
87
68
88
91
87
67
106
163
121
127
88
88
129
1047
101
406
320
1880
616
708
430
208
153
204
222
208
200
200
200
150
207
202
200
192
192
205
200
150
200
200
203
150
200
200
200
203
673
1541
568
224
224
150
200
200
200
203
150
200
203
201
207
152
195
150
200
205
192
202
200
192
191
156
192
200
200
203
202
150
192
201
209
200
200
192
142
195
201
193
201
201
203
154
202
200
216
203
192
208
760
1507
166
126
168
170
170
172
134
150
168
163
167
163
163
126
163
171
168
170
163
126
166
169
170
168
126
173
168
168
168
168
131
168
168
168
168
171
163
168
126
168
171
1
168
128
168
171
168
168
170
128
170
170
168
168
168
129
168
168
168
168
166
168
126
168
567
927
692
778
2573
200
204
200
203
200
200
204
150
202
200
150
203
202
192
200
150
203
200
192
200
200
203
200
150
209
194
203
200
200
142
200
203
200
202
200
200
203
151
188
120
128
195
152
200
186
200
181
172
200
127
173
144
194
192
184
200
146
192
86
3
6
5
6
5
2
36
3
3
4
3
2
3
1
17
4
2
6
3
2
1604
150
211
192
172
178
150
203
200
200
150
200
195
202
200
200
192
169
176
200
200
200
203
2071
168
201
200
203
200
200
150
200
153
200
200
202
200
203
101
151
201
201
203
3
2