452
1
439
885
2658
7
395
12
7
373
11
356
4
378
9
377
342
3
3
345
353
3
2
350
94
262
357
365
370
341
378
2
341
2
342
12
345
2
338
2
351
345
3
357
353
3
344
358
3
385
299
48
3
345
4
365
17
310
357
3
392
2
348
3
347
347
3
352
381
3
337
215
131
348
1
352
1
354
5
361
376
351
348
353
347
2
356
388
41
297
346
3
407
339
2
3
337
340
3
343
349
3
352
6
352
4
355
385
4
416
2
338
7
336
343
5
341
228
119
346
355
353
359
2
359
369
349
351
352
2
354
324
55
304
355
3
396
349
205
2777
290
348
6
346
351
6
301
51
354
3
346
350
3
398
347
3
347
353
352
360
356
362
138
262
2
352
337
343
354
359
349
6
360
362
5
216
33
30
30
34
34
26
28
28
30
24
28
30
34
32
30
26
28
34
28
34
58
36
36
30
44
48
37
35
28
28
23
74
93
100
80
72
74
110
72
72
100
97
87
74
72
186
1528
77
98
76
72
72
99
72
72
96
74
75
96
84
79
79
106
72
72
103
98
83
72
99
72
77
75
96
74
83
74
101
74
72
105
72
75
72
99
98
82
75
74
72
98
72
81
97
72
72
153
126
87
72
96
87
75
79
96
72
72
118
175
182
153
176
201
184
176
189
189
191
181
182
174
186
182
198