348
547
214
1646
228
180
176
163
194
167
162
172
166
127
178
169
164
168
164
172
166
169
172
166
122
167
160
174
165
164
164
161
176
162
127
172
170
164
175
171
170
168
166
162
177
126
171
169
175
172
164
161
169
165
132
160
164
161
171
170
164
161
161
179
162
168
116
164
168
129
111
111
114
114
205
212
196
143
193
164
158
162
166
167
174
162
168
129
173
164
170
158
172
161
162
172
139
127
146
162
159
163
170
134
205
176
156
85
115
121
168
164
166
169
158
119
111
109
86
112
112
109
110
121
114
110
109
110
112
113
83
113
112
114
116
108
111
110
116
110
110
83
111
111
89
166
3
2
5
154
830
468
1
284
446
1024
1823
273
208
312
1285
215
477
1298
229
224
222
223
220
216
220
160
216
216
220
212
220
223
164
205
224
164
223
224
214
204
216
166
216
208
200
212
204
279
681
595
457
1220
96
105
94
97
107
91
96
98
94
99
81
3
3
4
3
3
4
5
1
4
85
72
72
98
74
75
74
94
72
72
95
76
72
72
96
75
72
72
96
72
74
74
96
72
73
77
97
73
72
76
107
73
72
72
98
76
73
72
96
72
75
72
96
72
72
77
96
72
72
72
99
72
74
72
96
75
72
76
96
74
75
72
96
68
42
45
57
42
44
57
46
42
42
55
43
51
45
55
43
51
46
55