26
734
1622
107
100
128
96
109
131
96
100
104
96
104
128
96
96
96
131
96
265
443
113
254
431
1666
237
315
227
72
72
117
96
101
215
153
287
225
146
84
1
77
96
80
72
92
117
86
75
73
106
77
93
101
87
81
78
100
90
80
96
56
102
81
72
93
98
74
93
100
80
72
74
110
72
72
100
97
87
74
72
186
1528
77
98
76
72
72
99
72
72
96
74
75
96
84
79
79
106
72
72
103
98
83
72
99
72
77
75
96
74
83
74
101
74
72
105
72
75
72
99
98
82
75
74
72
98
72
81
97
72
72
153
126
87
72
96
87
75
79
96
72
72
118
72
80
72
96
75
72
96
72
82
82
103
79
97
74
107
83
81
96
98
132
542
74
74
72
84
97
75
80
104
77
72
72
96
72
75
72
96
72
72
99
72
72
98
72
77
72
96
72
82
103
72
72
72
98
75
72
72
98
84
81
183
73
77
76
100
74
74
118
81
100
96
89
57
66
71
128
70
54
72
59
54
64
67
54
57
55
87
96
96
101
128
96
81
98
131
96
79
85
54
57
55
71
56
56
57
74
55
67
79
60
56
72
69
101
131
96
96
103
131
103
96
120
88
96
99
9
4
3
4
2
13
3
8
2
2
3
1
1
1
6
2
3
12
3
5
3
9
5
3
2
5
8
11
5
3
2