59
87
73
107
26
56
30
43
32
30
30
34
30
26
26
36
32
38
22
30
28
28
32
28
28
34
36
38
30
32
26
34
30
30
32
34
32
32
26
32
32
26
32
30
32
26
32
38
32
36
32
30
32
32
32
40
48
49
32
32
26
32
30
30
30
28
32
36
40
28
34
30
41
40
32
30
26
84
32
28
30
32
28
32
26
34
26
30
24
32
33
26
30
28
30
28
22
32
34
28
28
32
32
34
32
28
30
36
30
32
39
28
30
42
42
30
32
34
38
28
30
34
30
32
32
30
30
34
26
30
26
32
30
32
32
32
32
36
32
30
28
30
32
40
22
30
24
36
32
32
32
30
33
30
30
34
34
26
28
28
30
24
28
30
34
32
30
26
28
34
28
34
58
36
36
30
44
48
37
35
28
28
32
36
30
34
28
28
30
34
34
28
30
32
34
28
26
30
24
30
28
30
34
32
34
34
30
34
30
32
30
26
34
32
28
30
30
28
40
28
26
28
28
30
30
36
30
30
28
1
28
32
34
18
36
58
68
128
28
40
47
26
55
30
32
24
30
30
34
56
24
24
24
26
32
36
30
30
28
32
36
30
30
32
24
28
30
30
24
34
30
28
24
24
30
28
28
32
30
30
28
30
32
32
32
34
36
28
24
30
30
34
30
34
30
28
34
30
28
36