60
74
2
24
22
30
45
28
44
29
20
173
251
24
24
32
22
363
42
22
24
20
22
24
21
32
22
30
24
26
22
18
24
18
23
26
24
26
23
23
22
24
22
22
20
31
24
28
24
14
22
22
32
36
28
31
23
24
27
24
24
26
26
26
26
34
28
28
26
22
44
24
24
22
24
24
26
28
18
22
22
20
20
22
22
22
33
26
20
26
24
24
24
30
24
22
22
24
24
24
20
22
22
22
18
20
22
24
24
1
36
41
44
32
24
20
22
31
22
22
20
26
28
30
24
24
39
31
32
20
22
22
26
22
22
22
22
24
364
21
18
19
21
26
20
22
22
22
24
24
22
24
20
26
22
20
22
24
24
18
20
26
26
22
22
24
22
22
24
26
38
36
28
24
38
30
40
22
26
28
24
22
26
24
24
24
24
26
24
22
20
26
26
24
20
24
20
30
22
20
26
26
26
18
24
28
24
24
24
24
28
26
20
24
18
22
24
26
22
24
24
26
24
24
24
22
26
24
24
22
22
24
24
24
64
37
22
34
24
27
94
24
26
56
24
20
33
24
24
30
26
20
26
22
22
22
28
24
18
26
28
26
24
26
22
24
24
24
24
24
26
24
24
24
26
22
26
24
22
24
20
24
26
24
18
22
26
20
26
22
24
26
28
1
18
24
22
30
45
28