3
28
511
936
146
306
1896
75
82
39
78
44
82
39
82
54
63
126
39
138
97
78
57
66
78
41
78
42
80
39
78
54
66
78
39
78
39
81
58
479
78
39
81
39
78
39
78
57
68
79
41
84
46
78
39
82
54
70
94
47
96
47
97
69
74
96
47
97
50
96
67
76
99
47
94
47
94
50
97
67
74
109
64
96
49
96
67
76
96
47
94
47
98
49
97
70
74
99
47
94
47
94
70
74
94
47
94
50
96
47
94
95
51
95
52
94
52
99
47
96
94
51
97
47
94
49
94
70
74
94
47
94
50
96
67
76
94
50
96
47
96
43
89
63
66
86
45
89
43
74
42
51
51
45
60
32
50
3
2
3
159
2
1219
70
107
47
461
405
2217
4314
216
152
151
152
120
164
152
160
158
114
161
154
152
114
152
155
152
114
152
152
155
152
116
152
154
155
114
154
152
152
117
152
144
152
152
117
152
152
152
116
155
154
144
114
158
157
152
152
117
152
156
154
114
155
153
157
115
152
154
152
155
114
152
152
152
121
152
152
152
118
149
156
154
152
114
157
152
152
114
152
155
152
114
152
152
155
152
116
152
152
157
114
152
152
152
117
152
152
152
152
117
152
152
155
114
155
152
152
116
152
155
152
152
114
152
155
152
116
144
144
155
106
152
152
88
90
67
88
88
87