33
328
267
330
221
283
42
55
37
59
50
45
45
32
40
36
30
34
39
32
26
32
28
24
40
36
28
34
34
28
32
32
36
28
34
34
34
16
24
32
30
32
30
26
40
34
30
30
30
24
32
32
26
28
36
32
32
32
32
36
34
34
36
34
42
36
30
30
30
30
28
22
30
30
42
36
28
30
24
49
42
28
30
28
30
30
26
28
32
34
30
26
28
32
34
26
28
28
28
38
30
28
32
30
28
28
30
22
26
30
32
26
28
32
26
30
32
30
32
30
36
32
26
36
28
28
30
30
22
26
30
28
26
34
32
28
30
32
28
30
32
24
24
22
26
28
28
32
34
28
37
24
22
28
36
34
28
26
30
30
30
28
32
26
28
32
28
26
32
30
20
26
32
28
26
28
30
22
35
42
38
34
34
24
43
49
32
34
30
36
24
32
34
30
34
30
30
40
32
30
34
24
68
60
32
32
30
36
30
24
30
11
1
