768
618
1319
182
174
170
132
207
166
170
143
180
193
186
128
176
177
176
129
180
170
175
140
181
175
181
137
171
177
181
134
176
186
176
134
178
190
186
130
178
177
179
156
187
169
196
159
184
192
186
147
181
180
187
140
180
185
180
145
179
177
186
146
172
166
175
141
173
185
186
138
184
160
127
85
147
136
132
87
209
212
218
137
178
184
174
137
189
182
185
138
196
186
197
140
174
181
183
130
174
170
191
119
114
178
197
130
177
170
196
178
106
114
113
112
83
176
200
170
127
132
114
117
84
112
111
111
113
137
55
3
2
3
4
3
3
2
2
3
3
1
4
3
2
3
3
2
3
3
3
1
3
1
1
6
15
2
4
8
4
4
1
2
6
8
2
2
101
233
1195
225
1659
169
185
169
166
184
167
171
174
157
180
169
159
158
171
175
206
167
162
160
164
172
169
162
163
161
165
162
171
159
170
166
167
198
158
173
162
158
170
169
166
12
4
7
2
3
3
3
3
3
2
467
898
2676
4
359
8
375
17
415
2
398
4
357
13
357
348
364
2
367
367
8
400
352
354
344
345
3
352
358
351
389
347
3
347
335
353
354
375
3
347
343
352
345
340
6
384
222
126
271
77
244
104
262
93
129
222
352
3
384
342
350
349
400
3
340
343
344
347
2
347
3
351
344
2
361
350
340
3