59 11 37 80 33 60 3 8 482 9
87 130 12 9 328 74 4 112 147 231
73 144 127 109 267 22 91 235 319 172
107 401 214 92 330 24 452 20 243 304
26 320 80 432 221 22 136 477 262 195
56 247 241 316 283 30 213 51 146 353
30 142 196 406 42 45 267 56 371 47
43 49 53 194 55 28 639 39 32 34
32 106 250 477 37 44 276 82 67 93
30 32 416 332 59 29 75 35 60 41
30 83 32 107 50 20 64 98 84 18
34 68 65 22 45 173 145 2 66 94
30 28 64 32 45 251 58 60 27 2
26 42 55 28 32 24 88 8 27 51
26 32 54 34 40 24 76 52 29 4
36 32 36 29 36 32 30 52 42 15
32 36 36 28 30 22 58 6 32 16
38 28 35 22 34 363 28 1 46 63
22 28 34 30 39 42 42 28 25 78
30 33 76 25 32 22 58 2 294 4
28 30 27 32 26 24 28 65 28 70
28 28 32 24 32 20 37 52 32 4
32 26 24 30 28 22 55 4 29 12
28 36 24 32 24 24 241 38 36 46
28 32 34 34 40 21 22 53 26 83
34 30 24 22 36 32 25 65 30 6
36 50 30 32 28 22 28 63 34 66
38 32 36 30 34 30 22 8 32 2
30 32 25 24 34 24 31 43 32 74
32 30 34 32 28 26 265 4 32 4
26 36 28 20 32 22 24 52 34 4
34 36 32 32 32 18 34 58 26 74
30 32 28 24 36 24 38 2 34 4
30 30 24 32 28 18 22 14 38 12
32 34 32 34 34 23 30 121 36 66
34 32 18 26 34 26 32 4 22 2
32 46 32 28 34 24 28 68 28 4
32 36 36 36 16 26 38 4 32 66
26 32 30 24 24 23 30 66 32 4
32 26 24 32 32 23 36 52 32 66
32 20 30 30 30 22 36 18 32 74
26 32 24 223 32 24 30 7 34 4
32 32 32 194 30 22 55 76 32 70
30 38 32 23 26 22 27 4 40 6
32 28 22 31 40 20 28 74 26 11
26 32 30 27 34 31 30 72 28 74
32 36 24 31 30 24 28 79 32 40
38 32 32 24 30 28 30 2 34 26
32 32 30 22 30 24 24 8 28 4
36 30 24 24 24 14 36 66 30 72
32 26 36 38 32 22 36 8 36 8
30 34 32 28 32 22 30 76 34 10
32 26 24 31 26 32 28 9 24 70
32 32 34 1 28 36 22 12 32 4
32 34 32 43 36 28 30 50 32 70
40 32 24 22 32 31 32 64 34 5
48 46 32 32 32 23 34 2 30 81
49 30 30 26 32 24 24 70 32 78
32 30 32 34 32 27 34 74 32 4
32 32 32 30 36 24 42 4 36 36
26 30 20 26 34 24 28 62 34 61
32 36 36 32 34 26 26 20 38 67
30 40 30 34 36 26 24 74 24 15
30 28 28 26 34 26 28 10 38 66
30 46 28 34 42 26 30 66 26 30
28 41 28 30 36 34 30 36 30 28
32 46 24 24 30 28 40 10 28 74
36 32 44 36 30 28 32 84 34 75
40 32 28 46 30 26 36 67 32 72
28 30 30 29 30 22 42 68 36 12
34 32 32 32 28 44 26 16 30 73
30 32 24 26 22 24 28 64 28 4
41 32 34 34 30 24 20 70 18 72
40 30 34 26 30 22 26 77 38 67
32 28 22 26 42 24 34 70 30 74
30 24 32 24 36 24 28 72 26 70
26 44 26 34 28 26 30 26 30 72
84 34 36 26 30 28 20 48 30 74
32 34 39 34 24 18 24 76 52 67
28 32 22 26 49 22 42 4 20 72
30 30 32 18 42 22 30 80 32 8
32 50 29 34 28 20 28 72 32 72
28 28 37 22 30 20 20 70 30 62
32 30 28 36 28 22 45 4 28 77
26 34 26 24 30 22 46 10 24 64
34 1 32 32 30 22 30 71 30 64
26 34 30 26 26 33 28 58 35 67
30 32 24 30 28 26 24 8 20 72
24 32 32 30 32 20 30 76 34 4
32 24 32 29 34 26 32 66 28 70
33 32 26 22 30 24 32 16 30 66
26 28 30 34 26 24 30 22 34 44
30 28 20 30 28 24 24 52 28 14
28 34 28 26 32 30 34 61 24 78
30 30 34 36 34 24 36 75 36 84
28 22 22 22 26 22 32 71 30 13
22 28 30 32 28 22 22 66 28 4
32 30 24 24 28 24 20 54 34 66
34 20 34 32 28 24 28 79 30 75
28 28 36 20 38 24 43 48 30 68
28 28 26 32 30 20 28 34 32 68
32 28 34 24 28 22 30 70 30 64
32 26 28 28 32 22 20 74 32 20
34 32 34 22 30 22 42 75 18 58
32 30 38 30 28 18 33 66 30 42
28 30 26 22 28 20 24 68 28 23
30 36 36 26 30 22 32 66 34 74
36 36 34 28 22 24 24 68 84 93
30 32 26 22 26 24 36 64 34 4
32 32 34 32 30 1 30 81 28 56
39 30 24 28 32 36 28 11 32 17
28 32 259 30 26 41 28 93 26 8
30 30 24 34 28 44 22 74 26 34
42 26 29 32 32 32 28 57 32 36
42 32 28 24 26 24 30 18 32 60
30 34 22 32 30 20 32 66 32 42
32 34 27 32 32 22 24 75 28 343
34 22 22 26 30 31 32 76 36 56
38 69 24 32 32 22 30 62 42 67
28 34 31 20 30 22 26 15 40 2
30 38 21 28 36 20 22 4 28 44
34 32 27 26 32 26 28 75 36 22
30 46 32 30 26 28 32 90 18 77
32 36 16 30 36 30 30 38 32 26
32 32 26 36 28 24 34 6 36 40
30 30 21 32 28 24 34 206 28 68
30 30 33 22 30 39 34 74 34 76
34 32 23 30 30 31 28 44 36 30
26 30 22 22 22 32 34 80 26 40
30 34 29 26 26 20 30 8 22 12
26 38 21 20 30 22 22 26 28 66
32 26 25 32 28 22 32 18 34 56
30 28 29 24 26 26 24 30 30 20
32 38 25 30 34 22 34 12 30 44
32 30 27 30 32 22 24 57 32 15
32 36 28 26 28 22 30 70 32 38
32 32 16 34 30 22 32 75 32 24
36 30 32 22 32 24 36 66 32 68
32 26 19 26 28 364 26 74 32 10
30 32 33 26 30 21 30 68 26 52
28 26 24 28 32 18 24 70 28 72
30 22 19 34 24 19 30 16 26 111
32 30 29 24 24 21 24 40 32 12
40 26 20 34 22 26 84 28 28 20
22 26 31 20 26 20 32 18 26 26
30 30 24 28 28 22 34 18 36 6
24 32 24 28 28 22 22 72 34 48
36 32 28 22 32 22 30 78 32 30
32 28 23 26 34 24 20 46 24 64
32 30 24 26 28 24 30 24 32 133
32 26 31 24 37 22 1 71 28 162
30 32 22 32 24 24 32 8 28 82
33 28 32 18 22 20 32 58 32 9
30 32 28 28 28 26 26 6 30 48
30 32 28 24 36 22 28 37 30 355
34 36 22 30 34 20 24 46 34 4
34 22 34 24 28 22 32 22 24 334
26 26 32 32 26 24 32 73 28 66
28 28 24 22 30 24 24 70 36 10
28 30 30 24 30 18 30 78 30 35
30 34 22 30 30 20 26 26 30 30
24 30 32 24 28 26 30 48 32 16
28 32 30 27 32 26 28 65 28 40
30 34 32 20 26 22 20 68 30 6
