500
579
1431
453
94
53
109
66
99
47
94
67
75
101
47
99
48
94
72
74
1
47
94
50
95
47
94
94
50
94
47
94
47
97
67
74
94
49
97
47
94
47
94
97
47
94
49
96
54
94
67
74
94
50
94
47
94
47
100
67
74
94
49
99
47
94
67
76
97
47
94
47
94
50
94
67
78
97
59
94
47
94
67
77
94
47
94
47
98
47
94
77
65
99
50
95
47
96
71
74
94
47
94
51
86
43
87
63
70
88
43
86
43
68
40
50
55
35
64
30
50
94
3
2
2
3
28
2
3
1023
47
94
49
99
94
49
94
47
97
47
94
69
74
97
47
94
47
94
50
94
254
47
64
39
57
29
93
31
63
55
35
59
31
65
30
60
51
38
62
36
78
47
92
51
41
48
40
60
33
59
30
59
44
50
56
33
59
31
63
41
50
55
37
62
30
61
30
60
46
48
56
37
60
33
12
2
1
5
1
1
6
4
2
6
5
3
3
2
3
2
2
3
2
3
2
3
3
2
3
2
3
2
5
2
7
1
5
4
3
2
3
2
3
2
3
2
3
2
3
3
2
2
3
2
3
1
7
1
12
2
5
2
3
3
2
4
2
4
3
2
3
4
3
2
3
3
2
6
5
2
3
4
5
2
3
2
2
3
3
3
2
3
3
3
6
21
1
1
5
1