5
22
3
171
96
31
4
5
43
40
5
8
10
5
10
2
2
1
2
10
1
11
11
6
3
4
10
3
5
8
5
5
12
1
2
3
21
58
19
18
9
4
3
3
11
2
3
6
6
4
2
1
6
15
17
6
2
1
5
1
3
7
6
5
36
14
10
11
5
41
14
2
3
2
3
2
5
4
3
6
4
15
2
2
7
13
8
12
7
24
2
3
8
11
5
2
3
8
7
8
6
7
6
9
2
5
2
9
9
5
4
4
3
6
3
4
6
6
20
87
4
4
3
7
4
4
11
10
7
26
19
4
6
4
6
5
2
6
3
14
23
4
5
20
9
3
7
6
6
1
4
3
2
21
4
8
9
6
2
70
6
7
6
2
17
2
12
14
5
11
6
4
4
3
8
56
12
10
11
5
6
12
4
8
10
4
5
2
16
8
4
72
14
2
4
12
5
28
93
42
5
12
5
8
2
6
27
3
11
4
2
9
3
3
15
4
10
2
15
9
9
10
9
22
21
4
4
9
10
4
12
16
19
4
3
6
7
6
1
2
8
6
3
5
16
9
9
7
31
19
9
3
4
13
7
4
8
6
1
14
1
6
8
3
17
6
14
2
4
6
8
2
7
6
4
11
8
4
8
6
16
18
10
6
8
3
118
600
107
323
135
41
122
126
97
22
18
46
83
104