3
12
4
5
50
888
220
500
37
264
16
29
6
13
10
20
4
2
10
67
33
26
12
24
6
22
15
21
12
4
3
9
8
14
6
13
4
5
6
4
12
7
3
27
8
12
7
12
7
2
4
2
4
5
2
3
2
7
9
4
8
2
4
8
22
2
2
8
7
11
26
6
2
20
119
10
2
9
23
95
24
104
457
533
2093
29
228
13
4
7
3
6
6
3
1
4
69
298
7
20
11
39
22
8
7
11
6
14
4
11
7
128
30
6
5
5
7
66
113
140
10
86
150
79
86
1
6
8
2
7
8
10
2
11
11
22
7
4
6
7
19
10
6
6
10
4
3
19
18
9
18
6
13
3
7
8
11
24
6
5
12
3
11
45
13
2
2
25
15
14
6
2
4
4
2
27
1
10
2
2
3
13
2
4
4
7
6
7
1
1
4
2
6
10
4
2
5
6
2
5
4
7
8
9
18
5
4
8
10
2
4
4
4
4
4
8
8
3
15
2
18
16
2
2
3
2
2
1
3
2
6
2
2
3
4
2
5
15
287
1570
351
18
4
6
5
2
2
10
9
4
2
3
5
7
9
6
8
7
6
4
3
2
2
9
2
15
24
4
2
2
7
5
2
3
4
2
13
4
2
4
7
4
12
21
4
2
2
3
5
7
4
6
2
4
13
4
6
3
5
9