3
1
2
31
15
47
154
237
67
4
4
313
1353
859
5
9
18
30
18
3
6
6
80
23
3
2
2
8
1
8
2
12
138
135
5
17
2
7
1
555
826
133
142
7
2
8
35
6
15
19
7
140
1998
2
12
15
38
5
4
2
7
6
3
15
8
12
7
3
9
2
6
60
4
9
11
2
16
4
7
6
5
4
6
13
7
2
2
6
2
8
11
4
14
20
18
21
20
26
3
5
4
15
9
16
2
2
1
9
6
11
3
1
5
2
4
2
8
13
7
2
5
23
51
7
6
6
10
3
2
26
13
14
17
2
8
14
6
4
8
6
3
6
6
11
2
4
7
2
6
5
6
3
7
6
6
8
2
3
2
6
4
20
93
170
110
21
17
2
4
10
12
8
13
8
12
10
10
9
3
18
2
8
2
9
11
12
2
12
25
5
21
28
16
11
11
6
6
4
6
2
10
4
22
9
21
2
12
5
3
5
4
7
4
11
6
3
21
31
6
49
4
26
1
1
2
4
13
12
1
15
6
4
4
63
17
5
6
4
2
4
4
2
4
7
34
13
11
4
8
7
3
8
5
2
2
23
4
8
4
7
6
4
7
7
9
18
7
2
2
3
5
1
4
1
5
11
14
151
14
33
127
41
27
5
17
21
13
10
7
7
26
38
9
2
2
4
1
6
3
1