15
133
40
486
549
888
163
831
60
7
46
11
33
47
12
26
10
4
6
20
2
11
61
9
6
8
37
3
28
7
2
3
4
2
2
4
25
5
2
24
7
2
15
5
16
14
5
7
6
15
18
13
2
18
4
2
27
2
2
2
4
3
3
6
9
27
9
6
10
6
4
6
11
3
4
4
5
4
2
2
7
7
8
3
4
16
2
6
4
8
6
15
39
7
5
23
72
1
2
13
9
4
7
5
14
4
1
2
12
17
15
1
7
3
1
17
12
7
12
4
5
2
10
1
3
3
4
2
2
4
6
5
7
11
7
9
8
2
6
4
14
4
4
13
5
2
4
8
17
6
2
2
13
2
9
2
4
6
5
7
21
13
5
14
9
18
4
5
4
3
5
91
84
8
14
24
7
2
4
2
4
6
2
2
5
9
11
32
11
18
7
5
7
30
546
146
6
2
9
6
2
1
776
155
16
2
2
4
21
6
9
5
2
11
42
6
4
8
3
102
8
6
9
4
5
7
6
10
14
8
5
3
7
5
13
9
18
66
4
18
14
50
14
8
6
3
9
10
8
6
2
2
8
4
11
6
15
7
8
10
6
10
9
15
6
8
18
7
21
4
1
3
5
5
2
2
9
12
9
15
14
9
2
7
2
10
17
8
3
1
6
4
40
4
4
4
8
20
2
6