11
8
11
11
120
16
33
121
130
403
101
14
6
48
80
60
2
5
13
13
2
9
5
91
78
11
4
4
14
13
40
74
7
50
31
13
111
41
21
24
15
14
29
4
5
8
7
4
15
5
11
8
15
4
2
23
3
7
6
18
19
10
4
1
5
4
12
1
12
6
17
18
19
10
72
22
7
2
5
30
3
2
5
29
66
15
4
7
3
3
3
24
8
5
2
17
18
18
13
23
13
12
7
4
9
7
8
5
4
8
14
7
5
4
8
5
34
7
9
9
10
6
23
4
13
15
7
20
6
14
10
2
2
4
22
9
4
12
19
5
5
2
13
5
2
10
8
7
14
5
7
5
4
22
9
2
6
12
4
5
23
7
4
6
4
7
4
4
8
4
2
3
6
2
4
2
19
4
8
6
4
2
4
19
6
7
13
9
1
6
4
8
8
3
5
2
4
9
10
2
8
6
3
21
4
13
12
17
18
5
6
14
3
6
13
12
15
2
5
2
4
8
2
5
12
4
1
2
2
13
14
6
17
8
5
10
3
14
8
24
66
27
35
35
40
38
36
32
36
26
19
5
12
5
3
9
14
14
36
90
89
4
8
14
16
8
19
10
7
3
7
4
13
22
10
9
8
2
4
4
10
7
3
1
8
4
2
2
13
6
2
2
7
2
9
15
10
14
8
6