83
636
104
4
14
14
9
2
4
5
4
6
10
4
6
4
2
4
8
17
11
6
2
6
9
2
14
1
1
15
4
8
2
4
7
14
4
12
3
2
5
7
10
21
5
10
2
2
2
3
4
14
7
1
2
2
2
4
7
11
4
4
10
4
16
4
13
4
10
3
12
8
4
38
200
142
41
162
48
433
37
399
148
737
403
615
616
305
216
182
211
30
48
21
25
115
133
38
9
7
11
2
50
19
4
5
8
7
4
13
4
8
5
2
4
23
8
2
5
5
3
5
9
1
48
60
11
11
10
2
2
1
4
13
5
16
5
6
10
22
20
58
23
3
5
10
5
8
15
6
10
1
10
2
14
6
3
4
8
28
16
6
2
2
2
10
6
3
11
2
11
4
2
6
7
16
1
2
8
19
14
5
7
10
2
50
19
4
5
8
7
4
13
4
8
5
2
4
23
8
2
5
5
3
5
5
4
8
2
7
4
9
27
21
43
6
38
1
31
128
7
27
24
6
5
51
222
14
30
61
169
1409
332
8
5
31
88
7
5
17
15
36
19
2
3
3
2
50
8
4
8
65
119
27
19
2
8
6
2
21
12
11
25
74
24
7
35
6
4
4
10
20
2
26
3
4
5
5
15
74
29
6
3
5
21
24
6
18
243
94
38
8
4
3
2
7
3
2
6
28