20
4
23
16
7
116
165
50
759
1164
151
195
4
4
6
53
104
76
19
3
196
42
37
21
23
157
130
2
3
23
6
4
11
28
37
309
106
7
6
13
108
2
4
10
2
4
11
9
7
4
6
8
6
2
16
6
8
4
1
2
8
29
4
15
17
3
5
27
8
6
13
106
3
8
2
2
2
52
8
2
3
8
2
7
3
2
10
4
4
4
4
3
2
4
4
15
3
7
4
2
4
12
4
2
2
6
35
28
9
68
15
27
9
5
5
23
2
27
64
24
2
19
64
5
22
4
2
3
9
31
31
7
11
25
47
1076
29
1
2
3
11
5
8
12
2
6
4
2
6
6
4
2
118
9
3
8
6
7
7
8
14
6
15
4
6
4
29
955
627
317
359
233
6
27
23
42
82
2
2
18
19
125
34
101
285
26
187
886
17
2
15
6
11
128
22
81
172
217
310
4
2
1
2
6
2
15
134
12
6
8
11
28
28
2
8
4
10
7
6
3
19
6
3
1
11
5
4
7
5
34
2
50
11
2
15
2
2
2
6
10
8
11
3
38
28
9
5
15
18
28
8
4
5
4
13
24
20
2
7
2
4
7
7
2
4
4
1
3
4
2
3
17
8
30
4
9
2
4
2
8
9
19
8
15
6
9
2
2
15
18
2
2
30
5
5
4
4
2
17
25