158
11
20
6
7
25
4
86
93
34
69
1477
102
105
228
765
672
15
24
752
142
6
6
7
6
4
149
103
876
190
554
241
27
8
17
4
35
213
125
25
4
15
3
5
9
20
23
17
2
24
28
4
5
24
45
15
16
13
14
27
21
4
140
19
38
11
2
21
11
8
11
4
6
29
167
66
4
30
73
28
73
57
24
19
245
933
838
515
33
28
53
10
12
2
4
12
22
10
16
97
15
25
17
5
10
17
3
11
6
1
11
2
17
33
11
15
2
23
5
13
26
2
6
4
2
2
9
6
6
4
32
64
56
68
6
21
8
9
2
5
8
7
5
9
8
9
10
10
12
6
3
6
2
9
20
21
15
29
5
9
17
93
10
6
20
36
7
15
4
3
7
45
54
65
21
6
5
14
9
8
26
4
4
15
15
6
10
10
6
4
3
1
2
5
9
4
2
4
9
3
4
2
2
2
10
5
34
21
4
4
4
8
2
12
7
6
11
14
22
21
4
10
11
1
22
4
3
4
11
3
8
17
4
4
8
13
17
12
8
6
4
10
2
2
51
11
25
10
13
35
16
39
20
16
23
8
7
7
9
48
7
2
106
3
8
2
2
2
52
8
2
3
8
2
7
3
2
10
4
4
4
4
3
2
4
4
15
3
7
68
15
27
9
5
23
27
64
24
2
5