5
8
48
99
3
7
8
36
43
48
23
844
1151
1326
1072
1241
647
11
53
3
441
3
20
220
25
12
22
5
4
7
12
7
4
2
14
37
317
2
7
11
5
3
9
5
19
3
35
117
174
14
11
4
4
1
9
16
20
105
127
14
4
5
159
59
32
47
30
6
13
1
17
10
1
9
11
8
5
12
9
2
1
14
2
11
10
4
1
17
10
3
5
6
6
9
1
10
5
12
3
2
10
1
20
22
89
16
2
4
3
5
11
116
22
469
316
223
91
101
1
16
123
158
74
27
5
5
28
180
43
10
23
2
4
14
2
1
5
4
53
48
28
1
19
84
261
567
4
31
4
5
20
45
94
19
49
376
156
2
14
32
4
9
16
42
11
2
303
288
53
45
3
2
5
5
1
36
15
5
7
3
3
2
74
11
14
6
16
8
6
4
4
53
136
18
64
3
3
8
31
2
3
2
97
14
13
3
5
3
7
4
1
2
8
13
2
4
4
2
2
17
10
15
11
3
15
6
11
7
14
3
3
23
3
6
4
11
17
8
32
7
8
7
7
5
18
106
3
8
2
2
2
52
8
2
3
8
2
7
3
2
10
4
4
4
4
3
2
4
4
15
3
7
4
2
4
12
4
2
2
6
35
28
9
68
15
27
9
5
5
23
2
27
64
24
2
19
64
5
4
5