17
80
25
3
1
3
6
7
2
5
12
6
10
4
4
8
6
4
8
22
5
6
5
4
2
8
10
5
5
21
2
3
21
14
13
6
20
8
6
13
19
4
22
22
13
10
29
3
1
4
4
6
9
3
3
7
9
1
5
5
4
2
2
6
11
12
4
1
2
19
16
7
3
34
4
6
31
12
23
3
6
8
6
4
71
16
29
5
2
8
2
8
4
8
65
119
27
19
2
8
6
2
21
12
11
25
74
24
7
35
6
4
4
10
20
2
26
3
4
5
5
15
74
29
6
3
5
21
24
6
18
243
94
38
8
4
3
2
7
3
2
6
28
4
10
48
14
5
2
4
9
8
13
10
1
4
13
15
17
2
8
12
5
19
5
11
4
19
1
5
18
7
10
3
12
2
2
4
15
6
32
15
6
5
26
213
593
108
2
1
20
7
2
10
18
227
6
9
4
8
11
193
3
13
10
9
209
9
2
150
41
272
5
6
26
12
95
37
5
255
54
13
7
9
6
4
6
6
4
4
6
2
1
8
4
6
10
18
482
243
78
11
7
22
15
39
5
9
13
18
21
8
4
2
10
4
3
20
10
3
3
10
2
18
12
6
19
3
2
11
14
15
2
6
14
3
5
6
14
37
9
2
10
12
6
3
3
6
30
5
8
17
47
6
199
13
18
11
8
2