835
4348
616
4
84
1093
942
6
6
3
152
248
1810
9
32
2
5
3
3
872
1840
10
36
2
34
2
2
5
2
6
2611
5
3
1
2
4
1
6
176
778
1
4
7
9
14
17
1
1
1
1
3
6
2
1
9
2
2
2
8
1
1
1
15
1
1
2
10
6
12
2
10
5
5
21
60
2
18
1
11
8
2
12
1
5
4
1
1
5
10
2
1
8
3
1
1
6
1
2
8
5
63
4
163
2
4
1
35
16
2
2
1
1
1
21
2
9
4
1
2
4
1
4
1
1
4
5
1
1
1
1
5
1
2
2
3
1
5
9
1
1
1
1
3
1
1
2
1
2
1
7
10
2
1
8
3
4
2
2
1
1
6
3
1
5
5
2
12
5
1
5
13
16
30
6
1
4
5
2
14
3
9
2
1
2
2
1
6
10
12
32
1
1
1
1
1
1
1
1
1
7
2
4
5
1
1
1
1
2
1
6
2
2
2
1
5
5
3
1
3
4
4
13
1
5
1
1
1
5
1
11
2
2
3
1
17
12
12
4
3
12
3
1
1
6
4
9
1
1
3
1
2
2
10
4
7
3
1
2
1
1
1
4
1
20
2
2
1
1
1
1
1
1
4
2
1
1
1
2
1
4
11
2
1
1
13
2
1
14
13
8
12
17
1
4
24
7
5
16
142
2