602
908
1
2
2
433
12
17
2109
4
2
2
2
2
2377
3
2
184
288
6
6
177
2185
1
2
859
8
10
1550
758
2
437
4
3
10
4
6
1135
1138
7
3
1
3
1
432
4
950
1207
148
13
430
408
4
4
2
3
2
4
1564
830
12
3
422
9
3
5
617
659
301
637
3
314
131
178
167
2
12
7
3
248
452
448
591
233
4
2
2
456
2
16
5
876
954
13
41
8
164
1037
2224
3061
1698
197
36
9
2
2
436
23
315
1439
366
17
2
214
1047
1572
10
3
170
9
436
7
16
1970
7
929
3
441
633
3
2
2
16
2
456
2283
195
2
28
5
446
409
1392
765
398
4
2378
556
1007
994
23
2
4
1
121
322
453
219
288
276
500
341
14
72
318
210
255
288
308
242
354
747
113
1346
353
2
4
591
2
12
2234
2
2
2
12
65
2
608
1537
12
2
3
1548
435
3
2
989
2
4
1756
366
2
7
363
457
19
710
1
2
2
23
958
1248
1
1
10
423
7
3
2
4
309
1580
2
2
2424
2
12
4
3
455
2
552
1700
2
4
32
918
2
10
3
2
2
4
5
2
1
1543
4
2
4
349
1662
4
5
6
3
459
1407
4
2
329
8
6
6
3
4
6
420
1891
8
9
6
4
369
3
2141
2
4
6
3
745
456
10
2
4
1
2
9
9
3
2
3
8
6
6
6
4
2
6