96
1269
1799
580
209
215
170
131
212
185
245
232
193
256
208
239
173
598
167
308
266
143
237
214
198
240
275
284
304
262
181
221
190
216
250
266
201
297
246
125
286
217
284
498
504
207
271
245
241
197
278
160
268
212
114
164
191
36
2
452
284
240
194
150
160
202
113
182
207
290
486
207
198
238
227
283
237
216
249
192
289
211
235
174
179
269
171
212
344
288
202
258
222
172
276
616
302
202
228
300
291
271
229
296
285
251
300
171
321
287
159
325
162
309
266
243
203
227
296
198
209
290
210
159
223
475
448
197
305
196
201
290
227
103
237
150
215
282
283
226
270
216
146
272
286
1
171
297
201
161
191
362
190
144
187
221
271
267
167
255
261
327
798
1098
329
979
446
268
432
433
327
490
745
325
176
271
181
157
266
231
428
153
10
4
2
1
155
1082
270
2
12
189
1
3
2
2
1
2
1
1
4
1
3
12
7
3
3
1
4
4
1
4
4
2
4
2
1
2
2
1
13
6
2
1
3
1
1
3
2
1
1
3
2
2
2
2
11
3
1
6
1
2
3
15
2
358
33
7
6
4
5
6
4
5
8
137
74
160
23
177
55
3
910
682
1
3
4
7
3
2
2
2205
29
2
7
1
1553
1
12
5
2
250
1959
4
8
13
785
2286
1192
12
7
2
6
1
1
1995
270
23
5
3