4260
4309
4336
4612
2975
100
1836
7
8
720
1511
12
16
2274
4
11
22
1851
6
807
1747
8
6
5
2301
29
4
4
2
2347
8
1757
560
3
11
2286
4
2293
4
9
4
2186
21
1574
1050
2
4
2299
4
1806
402
4
8
2315
24
4
1639
585
4
9
1513
4
330
6
1931
4
2
388
1733
11
3
7
436
989
909
29
1768
532
2
6
1
1498
375
664
1590
10
16
16
1542
730
1
2
1773
490
4
4
2
919
1308
2
16
4
1656
801
619
1517
7
1671
481
2
11
1650
1907
313
4
6
1416
117
2067
30
340
597
1663
11
8
1773
211
4
2074
3
8
1325
2138
9
10
2049
265
9
2374
17
374
2265
1
1
2
2247
6
4
2
1939
23
160
2115
7
11
4
2238
1
159
2114
2
1807
692
2
1481
170
529
1672
8
1612
5
1757
320
1
6
3
5
2
4
8
17
6
11
2
2
2
6
4
4
1
4
4
4
19
9
5
7
4
11
41
3
2
14
2
2
6
4
4
3
4
2
3
9
5
1
2
8
9
1
1
1
5
3
1
6
3
5
2
4
8
17
6
11
2
2
2
6
4
4
1
4
4
4
19
9
5
7
4
11
2
2
6
4
2
6
1
6
3
5
2
4
8
17
6
11
2
2
2
6
4
4
1
4
4
4
19
9
5
7
4
11
41
3
6
4
9
1
2
4
10
23
5
4
5
6
6
6
8
7
9