2107
2148
2464
2
1446
584
4
4
1338
1223
4
1991
3
5
2139
263
2
6
359
2408
5
2
8
2135
2
682
1445
2
383
4
8
5
2099
1410
77
4
4
5
398
2
2
2
5
1788
4
4
3
2
2
2
53
11
6
1605
295
47
386
4
2
7
6
6
10
2
2247
4
18
10
1
1
4
5
6
2227
14
1
7
337
2
4
6
8
1356
6
2
4
4
573
802
2
6
2
2244
2
358
7
4
2
6
5
1694
3
5
2
4
2310
15
9
6
2
2
2
1945
5
4
322
5
2243
2
2
5
6
4
4
2
1465
821
4
10
2
1
319
2
5
4
4
1370
4
4
2
6
6
2150
2
5
343
2
2
5
2
9
1607
562
2
7
4
4
6
4
6
2
1539
139
3
41
2
312
523
1074
9
644
905
6
5
3
5
4
6
4
3
3
1957
1
6
4
6
3
7
2
2
2
1221
893
12
379
12
2
4
15
4
3
4
8
1964
13
3
5
4
4
3
2
2
4
5
2
1
1543
4
2
4
349
1662
4
5
6
3
459
1407
4
2
329
8
6
6
3
4
6
420
1891
8
4
3
6
6
2
4
2
4
4
2168
8
7
6
4
369
3
2141
2
4
6
3
1867
2
11
2
3
1284
527
2
2
2
4
1872
2
2
223
1908
7
5
5
1
745
456
10
2
4
1
2
9
9
3
2
3
8
6
6
6
4
2
6