196
730
1930
2185
1774
3254
368
2
1163
1047
154
1
3
7
16
290
72
39
242
238
434
1451
1079
1236
13
362
8
999
1353
2
1
1
32
550
273
321
991
151
257
443
1125
8
5
1739
1
1
203
188
85
196
161
299
226
340
319
763
250
346
221
439
768
1805
2
1849
637
24
1
9
124
353
234
233
191
198
314
197
290
58
15
10
299
1980
4
1
196
122
53
8
1
3
3
637
1587
2
4
1
374
2
63
265
180
78
182
179
225
165
324
358
654
1526
4
2
3
4
177
202
12
227
163
221
231
206
341
210
250
199
309
1988
2
4
4
115
88
155
189
291
280
333
452
435
10
3
15
7
2403
4
3
5
130
231
24
4
1
2
1
74
2343
12
1
7
5
1
76
163
204
255
261
244
211
304
377
535
3
113
1703
4
6
11
9
7
4
2
1
36
182
211
238
224
284
299
302
4
92
1671
25
502
1
1
4
2
78
150
200
313
392
485
574
1
5
4
1140
519
2
1
1
4
1
4
2
173
179
248
244
299
541
640
152
344
2
1698
707
1
2
2
3
2
126
298
284
346
513
452
3
8
2
82
1545
3
2
1
372
1
165
2211
92
11
2
1
9
396
533
1
10
20
85
8
4
3
2
1
1
1
1
1
6
14
6
2
2
1
2
3
6
2
2
2
2
1
42
3
3
6
1
6
5
1
3
6
5
2