42
798
3559
2734
4
13
1948
3
2
364
1692
444
11
1
1
2051
205
5
1
505
1072
1201
1
1144
569
4
2
2
5
18
2027
2
399
1849
412
1
2143
351
2
5
2303
2
2
2
2091
365
3
959
1188
3
3
475
3
10
1816
2
2
2
2128
3
23
3
10
1897
157
362
4
1
9
1
1018
767
1
3
435
2020
2
3
1
3
1
957
1117
2
2
5
1
1
3
5
14
1981
4
1
1
1
1
369
2
988
381
1
1
3
996
857
2
1
7
1
362
1
1
2221
3
10
16
1
1625
7
2
2
3
5
335
1663
10
2
8
3
2
940
677
4
1
2
3
1
391
2166
93
1
2
4
1856
4
1
379
1633
3
7
3
3
474
3
1955
1
2
4
1
1
1
1
616
1092
338
8
7
1
1
624
873
2
3
1
431
1
1506
2
4
2
1
3
910
682
1
3
4
7
3
2
2
2205
29
2
7
1
1553
1
1
1006
10
1
345
1
4
1
183
47
18
2
1
8
1
3
128
50
10
4
1
45
38
1
1
2
143
16
54
4
4
4
35
54
53
1
6
74
10
2
3
1
1
3
3
2
2
11
21
1
2
4
2
2
6
1
1
9
1
4
10
21
1
6
2
1
1
2
2
3
2
2
2
3
2
7
1
9
2
7
9
7
1
4
4
10
18
4
2
1
3
2
2
2
1
1
2
2
2
2
2