96
1033
1732
1857
1463
1614
930
10
5
1
7
25
13
2
483
27
1742
544
9
11
479
3
2
2
1810
469
2
1
6
5
4
4
454
14
7
5
2
22
2236
20
4
2
13
4
467
10
5
5
2
2
2
11
2
471
1639
286
9
5
5
2
485
43
10
1649
469
5
7
2
13
3
6
2
326
2
3
1237
699
10
357
2
1
5
493
1
1
1
2
1952
1
4
4
8
8
8
1
11
2
5
234
5
2
12
482
1
6
2077
7
65
6
7
5
312
23
2
8
4
1923
10
5
4
351
2
2
14
2
1714
697
144
2
390
1601
451
2
367
7
2
8
1
6
2
353
2099
2
2
10
4
2
5
8
457
11
2
5
13
772
1363
5
1
1
459
1
2
8
3
2
1
6
1988
580
2
2
445
3
7
2095
4
2
1
338
3
2
12
12
479
1772
864
472
101
640
224
23
2
1
1
18
5
2
221
162
92
10
7
2
3
92
2579
1729
8
7
43
150
293
1956
2
3
7
2
6
308
11
1235
725
11
292
2
2
77
1896
222
10
7
2
2
53
308
1128
831
7
2
2
293
2
6
2029
290
7
3
2
2
896
1344
10
10
7
1
295
1990
8
1
2
295
2
3
1189
57
74
45
10
2
1
1
7
2
8
1
1
1
2
1
2
11
2
14
2
10
2
14
10
2
19
3
2
2
6
2
5
2
10
7
9