750
153
219
95
122
76
188
261
177
153
488
779
1944
1449
1112
188
3
9
6
101
371
348
493
262
238
413
362
189
143
2
7
2
1
2
6
2
2
236
192
53
243
363
247
233
510
209
101
38
86
180
291
980
324
327
270
147
62
55
137
256
486
251
487
375
213
264
408
531
220
252
243
126
141
318
148
186
123
198
380
148
109
121
114
157
156
172
457
331
815
226
362
144
156
129
141
213
168
162
259
295
108
168
87
135
201
405
135
259
227
182
144
184
157
150
214
189
249
99
278
325
239
228
158
157
180
198
174
219
195
315
227
154
183
212
397
305
316
359
280
239
192
254
219
111
198
325
208
228
256
193
148
222
275
430
281
18
89
463
19
1437
10
2
3
2
2
10
2
1
1
4
48
73
5
7
2
2
2
8
9
2
13
2
36
97
7
222
65
2
2
2
41
3
68
40
2
2
177
992
2
22
2
2
2
110
852
1309
628
352
330
313
689
2
216
1133
539
315
143
6
1
2
15
14
1
2
2
81
252
153
1
1
95
486
618
501
252
276
4
2
163
234
83
10
251
520
383
504
456
78
338
98
2
335
660
551
441
50
7
3
3
475
1
158
297
241
378
318
270
505
5
401
91
6
7
4
2
92
776
623
497
215
219
14
5
5
8
424
240
201
408
399
224
507
48
2
2
288
481
387
120
150