1129
328
1
5
9
910
216
12
13
1468
379
2
65
8
4
6
12
2206
1
3
13
5
18
16
17
6
2
6
416
5
846
6
17
9
6
5
5
3
3
2
8
9
24
4
3
9
7
4
4
5
3
7
14
10
7
3
8
7
23
9
10
4
10
18
6
4
15
4
9
7
9
12
8
14
4
7
3
1
4
9
14
25
1
2
6
10
6
14
17
3
10
6
2
75
29
2
13
20
4
3
12
3
3
4
7
4
16
5
7
6
5
9
25
10
5
16
13
5
8
9
4
2
7
3
4
4
3
7
11
6
5
11
6
7
18
6
8
12
9
4
7
2
6
4
2
4
6
1
11
16
7
7
7
6
2
7
9
6
4
2
3
4
1
2
3
9
6
2
3
6
9
3
27
17
62
9
29
6
9
4
2
6
32
11
4
4
3
7
4
2
4
6
9
2
3
12
4
4
7
6
4
14
4
2
2
7
4
6
32
9
11
2
7
2
7
2
2
2
2
4
4
8
13
8
5
2
14
3
17
3
6
2
16
1
7
5
6
2
1
2
14
2
2
6
4
4
3
4
2
3
9
5
1
2
8
9
1
1
2
1
5
3
1
6
3
5
2
4
8
17
6
11
2
2
2
6
4
4
1
4
4
4
19
9
5
7
4
11
2
2
6
4
2
6
1
6
4
9
1
2