2569
3711
3071
3196
3402
3593
3363
3132
2
1390
347
5
2
10
3
2
2
612
1721
4
7
3
6
8
2
4
1618
129
2
2
3
3
1
3
7
7
576
1469
6
7
1
3
4
4
2
1973
8
4
4
4
4
2
5
1339
1244
7
6
4
5
8
5
5
604
949
2
6
6
4
2
2365
6
2
2
8
2
8
2
2218
4
7
3
2
4
3
1885
3
1
5
2
6
5
1333
1271
2
2
1
4
4
5
2216
10
6
493
1690
6
7
618
1234
8
6
1698
562
351
2
6
1991
219
1
541
1649
4
4
5
1411
722
5
3
3
2013
320
5
4
3
724
1419
1
1
641
1421
2
1
1219
951
4
6
2
1960
7
1
4
5
1207
246
4
2
2
538
1953
2
9
6
4
2201
8
9
34
4
1684
2
2
3
1
2
4
2044
355
1
7
4
6
7
3
5
1359
2
2
4
2166
3
1244
901
407
5
1469
7
2202
3
3
4
2121
1
4
1623
4
6
5
4
4
2
4
917
1485
1
2
2
4
6
551
6
9
12
2
2
2
2
10
6
3
2
4
4
6
2
7
2
4
6
2
14
6
6
2
5
6
2
2
2
9
12
6
4
4
10
9
13
2
7
4
31
2
5
5
8
2
2
4
4
6
2
4
16
1
6
7
2
6
4
2
2
6
8
6
2
4
4
10
7
4
1
5
3
4
7
6
1
5
2
2
2
10