7
50
2519
3130
2824
1371
2140
313
9
7
6
1970
189
682
1392
11
638
1710
4
5
2
2246
3
5
1432
8
1417
596
1
1385
500
4
1575
634
6
6
2
1
2243
7
4
9
5
8
12
3
11
558
1656
8
347
8
5
4
4
4
4
2
4
2399
12
2
7
6
1
7
4
1517
871
4
2
323
2
504
1623
4
6
7
747
1100
6
5
4
5
4
3
8
3
1940
2
8
1
4
1
10
8
4
3
1424
353
5
330
6
4
7
2
7
7
3
5
1
3
5
1603
663
4
18
1898
2
2
8
6
2
1
1545
1
191
4
1937
4
2
4
6
551
6
9
12
2
2
2
2
10
6
3
2
4
4
6
2
7
2
4
6
2
14
6
6
2
5
6
2
2
2
9
12
6
4
4
10
9
13
2
7
4
31
2
5
4
3
1
25
17
7
6
4
3
2
6
2
4
6
7
4
4
3
9
9
1
4
5
4
6
10
1
11
6
8
2
1
6
5
4
2
4
6
5
1
6
2
4
6
2
4
4
2
8
4
4
3
11
1
2
4
4
6
8
6
6
7
2
2
4
7
5
2
3
6
3
13
2
2
6
4
7
2
7
5
9
2
9
6
5
2
11
1
12
2
2
4
2
4
8
2
2
2
8
2
8
4
9
3
8
2
2
4
4
6
2
4
16
1
6
7
2
6
4
2
2
6
8