746
1458
1435
2295
1699
280
13
6
6
11
1524
478
4
8
1585
477
5
1
9
790
602
247
215
693
427
898
247
211
247
292
73
214
197
201
298
372
1393
2
6
3
633
320
1086
729
7
3
9
2
1618
625
7
5
422
3
4
227
394
184
294
310
187
175
252
209
301
216
146
188
226
804
1883
409
2
8
8
658
1367
4
2
1
2
10
402
722
323
311
436
4
7
2
4
492
1379
81
4
2
4
8
6
5
67
327
2
4
3
6
10
15
6
2
1117
310
73
3
5
240
164
3
15
8
17
2
9
12
121
252
262
139
209
287
295
299
214
128
9
216
289
265
230
205
371
293
216
471
43
1402
157
7
2
1
2
2
2
10
4
1362
1040
13
2
6
4
4
4
2
704
1012
4
4
60
16
2
2
4
2
400
2
20
6
2
6
1303
680
2
10
24
15
8
4
4
4
400
2
2
7
1256
1081
4
5
11
11
8
8
4
10
298
6
13
4
6
7
4
2
3
9
5
6
6
4
11
3
9
16
7
2
4
4
6
2
7
3
3
3
9
4
8
1
3
19
5
2
2
5
9
7
11
11
2
2
6
12
2
6
8
2
4
11
5
6
2
3
6
2
6
10
4
8
12
9
7
4
6
8
4
11
6
7
11
9
7
6
2
4
1
5
3
1
6
3
5
2
4
8
17
6
11
2
2
2
6
4