970
3704
1742
40
4
1649
339
4
11
5
383
35
5
3
5
880
1038
4
2
1
377
4
870
1336
4
4
7
4
4
402
5
2219
7
6
4
4
4
339
8
3
3
5
6
13
19
14
7
4
2
1
4
9
1
2
4
2
2
2
2
4
5
2
4
4
8
10
3
8
2
1
9
8
6
7
8
8
8
1
2
7
10
4
16
6
25
22
5
4
8
2
7
6
5
6
5
4
4
7
3
4
4
7
2
2
8
8
15
2
6
4
3
5
2
242
2
3020
2
10
3
12
5
11
5
532
11
1
11
4
14
14
8
9
6
10
4
4
4
4
7
6
2
3
3
1344
1192
5
16
13
3
3
2
5
3
8
5
2
4
6
6
3
2
6
2
4
3
4
4
1
4
2
5
7
8
9
4
4
2
8
8
2
6
9
7
3
2
4
2
7
3
9
10
6
8
4
2
7
4
2
11
6
4
2
5
8
4
6
631
2
16
2
31
6
2
2
6
6
3
4
8
4
9
2
2
2
5
26
13
6
9
2
6
2
2
4
2
2
7
1
2
2
40
9
6
5
4
6
7
2
3
7
6
4
4
6
9
6
9
6
4
2
10
2
4
2
2
2
6
13
6
8
6
5
2
2
26
2
2
2
2
2
7
2
6
4
2
1
4
8
10
4
2
2
2
4
4
5
4
8
2
2