3
777
2926
2816
12
171
16
18
6
302
1757
9
19
566
9
7
10
6
5
11
6
11
2502
15
10
4
12
6
5
11
7
2
457
5
4
4
2272
6
7
9
6
11
9
460
4
7
14
7
793
1347
9
7
410
5
12
7
8
10
5
10
7
10
428
9
11
4
14
2089
157
2
8
23
5
423
10
12
12
6
8
13
7
18
25
434
5
4
8
2052
2
6
3
7
6
442
4
5
5
6
3
12
1860
7
6
3
2
5
3
4
4
3
415
6
4
380
3
2
8
6
2
8
4
2
4
6
2
6
1711
4
10
4
10
2
5
4
3
6
9
4
3
2027
4
9
2
6
4
2
2
1
6
775
2
2
7
4
6
2
2
4
4
7
7
5
6
4
6
2
9
2
1
2217
6
8
3
4
4
1
1
40
4
6
754
4
2
4
3
2
3
8
3
2
12
5
4
3
6
4
6
2
481
1678
2
4
8
4
3
2
2
559
262
4
4
7
6
6
2
4
5
1
7
4
7
4
11
12
4
2
8
1
2
2
2198
2
4
4
4
8
2
2
517
5
2
5
4
1
2
3
4
2
43
4
5
4
11
3
5
6
6
7
7
8
2
10
181
4
6
4
10
4
9
2
5
7
8
2
11
5
8
9
5
2
2
11
6
2
9
2
2
4
2
2
10
4
1
7
6
6
2
1
6
4