210
335
341
205
312
280
688
241
442
974
5
10
2235
2
4
376
3
1
3
3
4
921
826
218
576
1
1
10
2
2
1
10
310
133
31
6
35
1
7
20
404
2
2
2
3
9
347
230
175
319
223
268
187
213
277
208
323
272
90
1
35
183
273
547
263
219
189
256
193
164
141
124
1
1
433
2
1
2
2
3
1
13
4
10
2
1
27
1
1
5
1
1
1
7
1
1
1
1
1
1
6
3
9
1
1
1
4
2
3
3
2
1
1
2
2
92
4
3
1
3
12
2
4
1
1
5
1
3
2
5
4
1
2
2
1
19
1
21
18
4
4
1
1
1
3
3
1
1
17
95
640
299
208
118
695
386
290
214
20
6
90
1
7
122
5
1
1
1
4
3
2
2
1
1
2
1
3
1
8
2
8
4
1
5
1
2
5
1
4
1
3
13
1
3
2
1
1
1
177
60
102
17
1
1
137
93
302
173
154
19
1
228
268
96
7
11
25
24
18
6
163
443
215
70
20
10
36
8
10
14
9
45
5
192
340
367
481
455
370
203
7
181
1
111
25
21
7
3
56
8
1
1
6
3
1
1
12
13
3
16
68
16
2
16
64
14
16
16
528
340
9
91
207
119
74
48
19
1184
640
292
1126
43
4
3
3
136
12
23
24
1
10
4
3
4
36
7
5
1
2
6