2124
2417
3341
2
11
9
4
14
1577
1245
2
6
12
2
840
1412
4
481
9
9
12
910
1080
18
2
14
8
2057
6
6
12
8
1
725
1260
3
498
3
1
8
6
13
40
285
1606
286
7
1674
601
7
11
499
8
1
2
2
6
3
1
2
6
4
2
6
1
6
3
2191
2
2
1
463
5
6
2
13
9
5
6
3
6
9
584
1551
9
10
1
2
6
2
3
4
1
4
1
2
6
1526
1
2
4
469
1
6
8
9
3
772
783
5
4
4
3
5
2
2
6
2049
2
7
2
4
4
2
6
1707
9
23
13
1
3
2
5
10
3
1918
5
1
484
2
6
3
5
6
237
1687
6
14
13
10
4
6
5
5
1506
452
10
432
6
2
5
10
7
501
1574
9
3
6
6
5
3
13
24
1329
82
2
451
1859
10
9
5
8
6
6
9
13
2089
226
3
2
8
5
8
9
2
4
2
9
8
723
1
2
2
8
2
4
4
4
3
12
18
5
2
10
5
6
2
6
9
2
1
20
35
6
3
45
4
3
7
6
4
2
8
6
4
26
6
6
11
4
4
8
19
14
6
6
6
3
6
11
4
4
9
10
47
5
2
5
5
12
7
1814
4070
1208
2
6
9
4
6
5
4
2735
9
32
4
5
6
4
4
1814
4
367
5
3
3
1733
45
1
5
2
6
4
553
1926
2
9
3
8
6
4