1710
172
7
1840
199
1958
7
973
1044
595
1814
106
7
780
1218
15
7
225
2144
2
10
594
1
233
162
1959
1
9
1418
679
1
3
100
266
2037
12
2
2
1377
114
87
169
164
231
168
433
615
498
472
277
236
260
180
443
953
1251
830
945
1004
374
36
70
117
102
114
176
171
172
109
171
135
144
379
315
691
838
359
348
324
286
498
151
366
262
302
126
140
174
215
151
297
496
452
144
185
236
471
135
51
567
553
739
2
10
529
352
363
22
3
25
424
463
2
480
535
27
653
579
134
10
43
373
255
307
504
392
1
1
176
475
183
1
1
354
535
432
19
59
812
60
663
193
63
747
510
415
23
60
366
830
756
61
12
2
253
470
533
520
111
396
1536
399
470
424
512
79
2
573
480
382
337
50
348
2
1
578
538
521
138
3
2
122
488
370
563
123
217
333
511
480
2
210
608
127
291
590
327
33
762
474
332
322
2
1
1
203
477
476
440
194
332
83
3
277
386
364
514
294
7
2
349
661
672
304
91
236
802
545
53
2
46
724
367
397
298
181
212
2
856
693
283
379
441
388
242
164
473
123
205
479
230
240
388
430
329
311
83
2
2
2
330
10
2
2
1
1
3
1
3
10
2
5
2
7
2

2
2
11
21
1
2
4
2
2
6
1
1
9
1
4
10
21
1
6
2
1
1
2
2