198
2897
1159
231
8
5
98
505
1450
3
12
4
2068
4
8
7
1649
553
2
536
4
3
2
6
3
5
5
2120
3
2
556
1
1865
162
1
4
4
2
2
2
2401
1
538
33
1
3
2392
19
2300
1
2
2144
549
2
5
2088
2
5
4
2028
3
4
401
813
949
2
5
5
2
7
3
5
1738
2
2
380
2
2
16
6
1791
27
362
1522
625
11
11
1111
1084
3
1
5
4
527
1274
798
3
3
1
3
3
3
4
36
1
1
1
2076
1
1
1
523
13
2
8
4
961
1137
10
28
1
1
1
1
2
2127
3
4
2177
4
3
3
5
468
1543
452
1
2
1308
2
5
477
8
586
1583
13
1
2216
3
542
1
2
2
2
13
1594
2
1
1
1
1
5
5
13
1
2
5
1
1766
1
1
1
1
1
2
501
4
1497
452
2
1
1
2
1129
119
8
4
6
1
2
218
118
27
4
36
170
176
257
216
6
3
188
100
1
9
6
2
4
13
1024
1
2
6
85
187
15
2
17
362
339
46
237
3
2
1
5
4
1047
3
10
4
9
48
32
98
133
2
7
44
85
2
15
16
15
1
3
2
1
6
2
7
4
1
3
1
5
13
1
6
4
1
1
2
1
1
3
7
5
4
3
3
2
1
3
1
3
3
5
4
1
1
4
1
14
2
1
3
2
4
1
2
6
1
1
7
2
10
11
4
2