5
9
203
529
337
324
2332
3116
1656
398
1489
1141
1298
1521
2
4
8
9
2356
1380
925
9
1312
890
4
1503
6
56
2078
7
2025
8
2433
7
125
1346
5
1
3
131
2094
3
8
401
2
2
4
5
5
244
1320
1
2
2
6
119
1766
2
4
9
4
8
3
1
6
1676
3
78
337
5
9
3
6
6
7
1364
935
12
6
12
5
5
2
2299
3
2
1
6
4
406
4
2169
4
9
12
2
5
2302
5
3
6
4
10
4
3
99
1583
8
2
2
371
11
13
7
4
5
4
4
153
1898
3
384
2
4
13
16
10
6
22
2082
4
10
4
8
6
5
5
5
2
1812
4
2
133
226
9
9
3
6
8
2191
5
6
2
4
5
8
4
36
256
1391
5
4
5
4
4
56
1770
4
7
6
67
1295
2
7
2
1335
135
2
16
82
1735
5
8
6
9
2060
10
4
2
8
8
10
10
5
2190
6
5
362
6
4
6
10
6
556
1277
5
8
1
1
4
12
1583
9
8
7
1324
111
11
1
4
4
101
2048
9
115
230
12
7
6
60
1983
2
4
6
10
5
6
1859
3
9
12
1690
5
4
4
402
5
4
5
34
7
4
5
2037
2
386
2
2
6
4
2
10
4
1554
2
3
5
1340
8
9
11
5
1144
875
6
349
5
4
5
9
1539
88
4
4
4
11
2
14
1899
281
8
5
7
6
4
4
5
3
3
45