9
12
10
7
31
73
17
8
34
6
13
14
18
15
21
16
14
6
5
18
8
13
9
1
8
4
8
22
3
6
6
12
8
1
3
4
3
6
3
4
6
2
2
5
6
8
7
8
36
7
7
2
4
11
2
17
4
2
7
1
4
2
2
3
7
3
4
4
2
4
6
2
3
8
1
9
6
5
14
9
9
5
8
7
17
4
2
2
12
9
6
6
4
4
3
1
3
3
4
10
7
11
6
3
18
6
2
5
20
8
6
6
11
4
186
2
6
7
6
7
4
6
4
9
8
2
17
27
2
8
4
1
9
6
7
5
3
8
4
4
2
2
6
25
2
14
4
9
7
2
2
8
5
9
31
6
6
5
14
4
2
5
10
3
4
4
6
10
2
4
1
4
27
29
13
12
5
8
2
4
295
2945
1386
1
3
2
3
1
4
49
2
13
5
21
9
29
8
5
1
5
4
3
3
11
8
1
4
3
4
4
4
5
5
2
2
4
9
3
7
2
5
2
10
2
9
5
9
4
4
6
7
4
2
4
7
15
4
4
15
3
2
14
6
3
12
4
6
4
4
6
3
10
28
2
6
3
3
14
7
13
13
2
2
40
10
4
11
4
4
1
4
9
8
19
7
6
12
2
2
7
5
5
2
2
10
5
3
17
6
12
1
2
4
5
26
5
12
2
4
3