23
2
1
40
8
21
2
4
15
1
2
4
2
35
7
9
10
5
8
3
2
7
4
7
2
5
28
49
26
3
1
3
5
4
4
7
9
13
3
2
9
22
3
5
6
11
7
3
26
2
3
6
2
2
5
7
5
2
3
4
7
6
8
7
10
1355
3082
3233
128
4
8
4
3
9
16
11
8
7
7
5
3
26
10
11
4
5
12
7
7
1
12
11
5
5
6
5
9
9
2
14
4
1
5
4
2
15
37
11
20
8
2
9
2
2
6
2
1
4
6
7
15
2
4
7
2
4
5
1
2
2
13
6
7
3
2
2
2
9
12
5
7
5
2
12
6
4
5
6
7
8
7
2
43
7
5
4
2
7
3
6
2
5
22
5
7
5
5
4
6
8
4
6
11
3
1
6
2
8
14
2
4
2
3
4
4
10
28
6
2
9
11
112
7
7
2
7
9
3
6
8
4
6
7
5
2
2
5
5
3
5
6
12
11
8
12
5
2
8
11
5
10
8
5
12
5
5
7
5
6
2
3
2
16
38
7
5
8
2
6
4
7
5
1
9
4
8
3
4
14
10
7
16
36
7
4
9
7
2
3
3
2
2
2
8
11
8
5
2
2
4
11
6
6
27
2
2
6
5
3
13
4
2
4
4
4
3
3
8
2
5
5
5
8
2
9
6
934
3376
595
3