3
7
2
3
5
4
3
5
3
3
5
22
32
4
2
8
1
3
4
23
6
9
7
5
19
6
12
6
3
4
3
7
6
27
13
7
2
6
7
3
4
8
2
7
2
5
3
2
3
7
11
2
12
7
5
2
59
4
8
16
1
4
2
15
5
5
12
2
6
3
4
4
3
5
3
18
6
1
5
8
5
8
2
6
4
8
43
2
14
4
19
8
16
8
9
5
1
13
10
18
1
5
6
4
3
5
2
4
2
2
13
3
3
3
8
10
4
4
5
2
3
6
5
11
3
4
2
8
6
1
5
7
2
2
2
2
1
9
6
2
2
6
5
5
3
8
1
3
4
8
9
7
5
6
2
2
5
2
3
6
11
1
2
2
4
5
6
112
83
8
34
2
6
6
1
8
3
4
19
6
13
8
3
6
4
4
75
12
21
16
9
8
4
14
8
2
6
3
6
3
4
19
4
4
38
16
3
1
21
7
2
2
5
11
3
6
14
6
3
5
5
4
3
1
3
5
13
3
7
8
8
2
2
6
1
4
9
4
6
4
7
4
3
6
2
9
24
34
23
2
22
46
8
8
3
6
13
2
6
5
10
12
2
2
8
6
12
4
2
6
5
3
1
2
11
4
2
9
4
2
10
10
6
6
1
7
5
21
2
6
11
6
1924
3538
3887
10
6
15
3
4