26
19
6
10
7
9
10
1
2
2
4
6
2
4
6
4
4
73
2
5
10
12
4
11
5
11
6
8
1
5
2
1
2
2
5
7
2
6
6
12
8
4
3
2
3
5
2
3
2
4
7
7
3
2
2
3
2
4
3
3
10
6
9
2
5
3
10
3
9
10
7
15
2
1
2
4
9
3
2
9
1
33
8
5
7
17
4
2
2
5
3
3
6
5
3
5
6
2
2
18
2
1
3
2
14
6
4
4
8
10
7
7
3
1
4
16
16
7
3
4
7
6
13
8
4
4
5
3
1
4
2
4
4
3
1
2
5
11
10
6
1
6
4
7
2
2
2
3
2
4
6
7
5
5
5
13
8
1
1
29
17
3
16
8
4
5
1
9
7
3
8
4
5
24
5
5
6
4
3
3
756
2931
3021
2420
1
2
7
3
7
32
7
8
10
6
4
5
2
7
9
4
26
6
5
5
5
6
6
1
7
4
3
6
5
3
6
7
5
3
4
9
13
96
82
4
8
12
33
8
3
1
4
2
4
9
3
5
5
3
7
3
7
4
1
4
3
16
1
5
3
6
4
15
13
4
17
1
7
5
10
5
5
2
10
24
2
9
5
2
5
52
20
2
6
2
6
1
6
2
4
3
4
2
3
1
9
5
4
8
5
4
4
5
3
4
5
3
4
5
29
4