4
7
3
4
4
5
4
9
19
10
4
1
6
1
3
4
12
6
31
9
5
4
6
9
4
4
9
10
3
3
2
8
1
2
13
10
3
8
4
9
25
2098
1509
5
1
22
3
62
16
5
2
6
14
2
6
5
1
9
13
4
4
7
12
2
2
1
4
2
2
6
2
2
4
32
3
21
5
12
86
4
3
8
4
3
3
9
10
4
9
5
1
2
4
1
4
2
4
7
8
6
5
2
10
10
2
38
7
4
3
11
2
10
6
2
2
2
15
5
3
17
9
3
4
6
8
17
15
5
4
4
8
13
33
18
5
12
5
12
4
6
6
5
9
7
3
4
5
4
5
5
7
9
1
5
5
4
1
4
2
4
3
10
4
10
14
4
5
29
9
8
2
2
3
5
6
15
3
6
7
6
3
10
2
8
6
6
7
2
3
13
5
9
7
1
5
22
2
9
9
6
8
2
6
8
16
7
158
34
6
3
3
34
2
4
21
13
10
7
2
7
5
6
4
35
4
7
1
2
4
8
5
7
2
4
36
4
4
15
9
11
4
5
2
2
6
2
4
5
2
2
9
5
9
14
2
4
3
8
5
6
5
6
2
2
6
16
4
7
5
4
12
7
1
2
11
2
22
4
7
5
3
7
2
3
16
5
5
5
7
4
2
4
6
12
4
2
7
10
2
3