1
8
6
3
3
4
13
10
13
3
5
30
2
6
4
5
7
4
6
4
4
3
2
5
11
6
23
4
2
8
5
10
5
2
1
9
8
6
9
4
2
3
1
4
10
9
8
4
2
3
9
11
4
9
4
8
2
17
11
6
8
23
3
3
6
1
2
4
17
8
2
1
8
2
7
1
2
5
2
2
3
3
6
9
2
6
16
9
2
4
6
3
1
7
3
15
2
2
2
2
13
7
9
16
1
1
9
9
8
1
2
1
1
2
7
10
9
4
5
7
8
2
3
1
4
1
1
5
4
6
4
5
5
6
1
6
4
7
6
5
3
1
1
3
41
3
9
2
3
5
4
3
20
37
18
3
11
11
3
11
12
7
6
3
71
4
6
6
1
7
1
7
6
74
2791
3326
2776
4
3
7
8
5
7
6
6
2
1
7
5
5
28
4
24
2
2
12
19
117
13
24
3
4
12
1
4
4
7
2
6
7
1
3
4
1
9
6
7
8
2
6
14
4
4
2
11
12
2
11
3
8
3
3
12
7
1
6
1
25
11
4
6
3
1
4
21
31
4
5
4
12
4
7
1
8
14
3
5
17
1
7
1
7
7
3
2
6
3
2
3
3
6
12
10
4
16
2
9
4
5
12
15
11
3
8
11
3
4
9
8
6
7
4
1
2
1
2
4
8
6
29