2
6
4
6
8
16
7
9
12
2
4
3
2
3
13
2
2
2
8
6
4
6
6
5
2
4
5
4
6
7
6
12
10
4
24
6
2
12
1
2
4
3
2
5
10
5
4
5
4
189
5
9
2
5
2
8
4
8
5
12
12
1
12
8
6
7
6
10
4
4
6
7
10
7
7
4
3
12
10
9
2
4
2
4
8
4
6
12
5
34
2
4
4
5
6
2
4
6
12
2
9
1
2
9
3
11
12
5
3
5
9
1
7
9
11
2
3
3
5
9
5
4
15
2
5
8
3
2
26
4
5
6
4
6
8
4
5
5
22
5
3
4
11
5
2
9
3
5
2
4
2
13
6
4
10
13
13
8
3
5
9
2
3
6
2
4
17
2
9
11
5
5
4
8
8
34
11
6
5
4
2
6
4
2
2
3
2
4
2
4
2
2
4
4
2
5
2
2
2
7
7
4
7
1
2
2
9
7
2
2
6
27
9
4
2
6
4
9
4
5
4
10
4
15
8
13
7
5
2
1
2
4
5
12
1
4
21
4
2
4
3
4
2
6
8
6
4
9
9
12
6
6
2
5
6
17
6
1
2
10
5
2
5
16
4
5
37
8
2
2
9
2
3
6
4
7
7
11
3
2
5
4
7
4
1
4
3
6
5
5
5
3
6
37
13
6
10
11
4
6