8
10
8
15
5
8
2
4
5
2
4
4
6
565
5047
5046
23
2
9
5
9
13
6
3
1
9
6
3
3
6
2
2
7
6
17
2
5
8
4
2
3
2
4
2
5
13
4
6
5
3
3
6
2
9
62
3
20
7
1
5
2
2
2
4
14
10
8
2
8
5
3
8
7
2
2
2
2
6
2
8
4
3
2
12
13
5
17
4
52
9
4
7
7
46
2
4
2
3
4
6
21
6
15
3
6
2
9
16
3
2
2
2
7
3
8
1
4
5
2
2
4
3
2
2
3
2
8
4
1
8
11
11
3
2
17
6
7
5
3
9
2
6
30
8
23
2
4
2
4
2
5
2
24
4
2
2
4
5
6
4
3
4
4
6
9
6
7
5
736
3282
367
2
32
7
9
8
2
15
7
7
2
3
7
8
3
1
7
19
7
7
1
5
14
6
6
4
2
2
2
3
37
9
9
9
7
3
9
5
6
2
6
4
2
1
4
7
3
18
6
4
7
13
3
9
2
4
6
5
6
4
10
8
1
8
6
1
1
7
3
2
6
2
4
10
18
3
8
8
9
4
2
4
31
2
6
9
4
2
1
4
7
3
2
8
7
3
3
6
20
8
6
11
3
10
12
7
5
1
4
6
3
8
10
2
2
3
4
6
2
5
7
2
5
2
5
1
2
1
3
16