15
5
5
12
3
10
5
4
13
8
9
34
1
2
4
4
17
3
16
6
2
4
12
2
2
7
9
6
20
10
2
1
3
8
1
3
11
4
4
3
5
6
6
5
2
2
6
1
12
6
10
6
4
4
28
31
18
11
3
3
2
6
12
13
5
10
31
7
11
4
8
6
8
3
10
9
10
12
12
13
5
11
4
9
2
2
11
4
7
6
11
5
2
8
12
2
6
7
6
8
4
4
16
7
9
18
11
6
10
8
9
14
8
3
11
4
9
9
24
12
15
9
14
5
5
4
11
8
2
5
4
11
11
32
8
2
4
4
3
2
2
4
8
3
4
1
16
24
4
2
16
2
2
9
2
3
1
4
1
2
5
3
5
11
9
14
2
4
4
2
12
14
14
33
4
12
5
4
11
29
4
5
3
5
6
4
4
6
3
11
17
4
5
1
2
1
5
5
6
3
1
11
4
5
4
8
3
7
3
2
26
2
3
7
20
74
7
1
5
11
9
3
4
4
2
4
6
5
10
9
2
1
8
10
9
2
5
7
9
2
4
2
7
3
5
5
4
8
3
3
5
2
6
3
3
22
7
11
2
6
10
5
4
1
2
5
1
4
13
5
12
9
3
12
2
16
8
2
4
2
7
8
6
10
8
13
6
14
1
7
3
2
10
5
4
9
6
10
3
7