6
5
3
4
3
5
7
1
5
4
7
4
13
2
3
2
1
7
4
4
2
3
5
12
28
7
3
4
4
5
15
1
1
4
4
15
3
10
3
3
9
2
6
10
5
3
2
2
2
2
10
2
4
2
7
6
2
2
4
11
13
9
9
4
10
2
9
4
6
5
10
1
5
12
13
9
3
6
2
4
6
2
6
8
17
5
5
2
9
10
2
5
8
13
4
4
15
6
1
2
9
8
14
28
14
7
11
14
100
6
2
4
5
3
2
5
26
36
6
4
6
7
17
5
6
13
2346
1263
6
7
7
4
5
2
7
35
6
6
4
2
2
11
8
7
10
6
19
9
8
2
12
21
4
7
4
6
8
8
7
2
12
8
6
6
7
3
6
6
3
4
12
16
9
12
1
4
2
3
7
4
9
5
2
3
2
2
4
6
12
1
6
9
4
9
4
1
17
4
2
6
10
11
24
19
3
33
2
2
1
7
10
2
14
9
3
2
4
7
1
16
6
2
10
22
6
9
11
13
5
9
5
12
3
9
4
15
2
5
2
2
7
8
9
2
3
7
2
3
5
9
4
1
13
4
9
5
3
6
26
7
6
2
7
7
15
8
9
6
2
4
5
14
2
2
8
11
9
2
6
4
14
2
4
17
15
6
5
7
10
9
2
6
11
8
4
3
9
4
4
1