3
3
19
3
3
2
2
2
5
5
2
8
8
37
1
4
2
5
6
9
60
22
12
28
4
14
7
8
3
3
3
4
12
24
10
12
6
9
8
4
2
4
7
11
1
6
4
15
2
17
2
4
6
3
20
2
1
6
4
3
4
2
12
3
3
7
2
4
8
12
3
2
7
31
6
4
7
10
77
2
11
8
11
4
2
3
2
6
10
7
3
2
4
5
5
2
8
8
5
2
8
8
10
9
5
11
5
11
6
8
4
5
4
6
5
1
8
3
3
5
2
5
25
5
8
5
5
7
3
1
11
42
2
11
7
10
7
6
3
5
15
5
6
4
10
3
10
6
5
9
6
9
7
8
9
2
4
4
8
15
10
10
2
3
9
22
3
10
4
15
3
8
2
3
18
5
1
1
13
5
3
7
2
16
2
15
4
3
10
7
3
25
3
6
9
7
20
3
5
5
9
8
4
5
11
8
8
4
13
4
9
6
2
3
2
14
21
2
11
6
3
8
3
5
3
3
3
2
21
6
5
2
6
2
8
4
5
8
12
5
1
2
6
1
6
2
3
7
6
2
3
15
12
11
86
2981
2377
1638
4
5
22
2
4
2
4
9
10
14
5
28
5
2
5
5
7
8
11
32
1
4
6
8
18
5
4
1
2
8
4
5
7
7
2
3
6
15
6
5
12
3