4
3
1
2
42
13
6
3
7
2
4
6
2
1
2
4
7
3
14
15
12
53
7
4
4
7
31
3
8
1
6
3
2
2
8
7
3
6
4
2
6
1
5
9
4
11
6
13
2
6
5
2
2
8
23
4
8
8
2
2
2
4
13
7
3
16
10
5
7
8
5
1
15
15
3
2
6
5
17
2
3
37
2
2
2
6
12
6
7
3
1
9
2
4
10
42
2376
2776
1422
2
2
2
21
2
7
1
9
1
10
10
14
10
9
5
12
4
7
9
1
2
2
11
5
9
6
8
8
5
4
2
4
3
10
2
4
8
6
13
12
19
4
11
8
6
6
46
3
5
28
3
17
8
7
6
7
10
4
4
6
2
8
4
4
4
13
10
2
30
4
6
5
5
9
9
12
8
12
16
10
9
7
8
7
9
4
6
4
4
6
9
9
3
5
11
12
8
5
10
16
18
9
11
8
11
8
3
11
11
4
2
4
4
6
5
14
3
4
10
4
2
6
1
5
4
7
10
8
4
6
4
7
7
3
9
4
11
3
4
2
4
15
7
4
1
7
1
11
3
1
12
4
6
6
11
18
14
5
10
6
16
6
3
7
8
8
8
2
10
9
6
7
6
9
14
4
4
8
9
2
1
4
3
6
2
4
6
10
3
1
12
17
2
10
5
4
2
3
6
4
57