6
6
8
34
16
6
1
17
4
2
4
30
2
4
3
12
100
7
2
4
5
11
7
2
8
6
5
2
4
4
6
1
6
9
3
2
6
1
8
2
2
4
7
4
6
5
1
14
12
9
8
13
2
1
6
3
4
26
2
13
7
6
2
7
2
2
5
1
4
1
2
6
7
8
4
9
8
3
10
14
25
13
5
3
3
9
2
2
2
12
6
4
5
3
12
2
8
21
7
1
9
7
11
3
10
3
4
4
2
6
3
1
3
5
1
3
6
7
13
10
7
5
8
5
22
4
7
6
7
7
2
4
9
4
2
2
2
7
3
2
23
10
10
2
5
2
6
1
6
2
7
7
9
6
2
10
18
55
3
2
6
2
8
5
20
8
2
6
2
8
1
37
9
7
2
4
458
3287
1644
4
4
6
2
5
10
5
11
25
1
3
3
21
6
2
4
4
6
13
7
6
4
4
6
29
1
2
4
2
4
2
2
4
11
5
2
5
12
2
2
2
4
11
20
4
8
10
5
2
6
6
4
8
11
2
2
8
2
1
2
2
11
10
8
2
12
2
2
2
1
5
6
2
3
2
8
21
4
2
2
3
8
7
12
4
5
7
3
7
3
3
9
3
16
12
18
12
10
13
6
10
15
5
4
14
6
15
6
2
4
13
3
4
4
2
2
2
2
7
10
9