6
18
9
6
2
4
4
2
5
1
4
6
4
2
4
6
4
8
8
6
2
1
4
11
25
6
6
6
5
2
8
2
6
10
8
8
6
2
3
7
8
13
2
2
2
8
6
9
29
9
11
4
4
3
7
7
2
2
4
5
4
3
2
5
6
8
2
15
2
4
10
16
11
2
21
4
7
2
3
2
2
1
6
9
4
11
4
10
2
6
10
4
2
6
4
3
17
3
5
14
5
1
2
4
2
1
4
7
25
10
5
8
6
8
7
4
8
7
4
4
7
7
9
21
2
5
6
9
3
4
5
2
3
5
2
6
1
4
8
15
2
5
5
2
2
2
4
21
11
15
21
12
14
8
12
17
13
4
8
14
4
8
8
7
3
12
8
2
6
7
28
8
5
6
3
5
11
6
4
6
2
4
9
9
8
15
2
10
9
5
6
6
9
6
3
2
8
4
6
13
8
2
5
4
6
28
7
4
11
9
13
8
43
2943
718
2
2
2
4
11
8
7
14
7
4
4
6
4
6
2
3
5
8
5
11
6
12
10
22
3
11
10
6
183
9
5
2
15
5
7
17
2
9
4
2
12
2
4
4
6
5
8
5
4
3
4
13
5
2
3
14
13
3
12
9
7
2
6
16
1
2
9
30
2
2
6
5
14
2
2
2
9
11
13
14
6
4
2
6
3