11
3
6
6
2
2
3
4
4
3
21
2
2
2
7
12
4
3
13
42
721
3088
2213
4
6
2
13
6
6
3
6
3
9
5
11
8
8
9
5
2
1
28
2
4
6
3
9
5
14
7
45
21
2
5
5
2
8
6
6
10
3
2
8
7
7
13
19
2
6
6
10
8
8
8
3
3
7
11
10
7
15
4
7
2
2
4
3
2
5
2
9
5
3
1
4
5
6
12
4
4
2
4
2
7
18
6
1
3
2
7
11
4
2
2
7
1
5
2
2
8
4
6
2
12
5
4
2
4
13
5
2
4
3
7
9
9
8
25
4
2
1
2
4
2
5
19
4
2
9
6
12
7
2
5
2
1
5
1
2
2
14
12
5
14
7
7
3
30
4
5
6
2
5
6
4
13
8
19
4
4
5
4
1
4
5
4
11
7
5
10
10
3
4
7
12
2
6
5
7
2
4
5
4
3
9
5
2
2
4
2
2
6
6
7
3
4
4
2
1
13
27
9
4
8
15
1
9
6
3
4
5
1
3
14
4
6
4
5
4
11
3
16
7
6
1
2
13
5
6
1
3
7
3
2
2
28
33
15
1
7
9
6
6
2
4
2
5
3
3
6
1
25
6
6
12
11
50
8
10
12
1
3
12
2
6
6
4
2
3
13
5
4
1
7
4
4
3
2
3
4