6
6
7
12
4
3
4
3
4
2
10
3
26
12
2
2
4
8
6
5
6
2
9
8
5
7
9
7
5
9
10
3
5
4
4
4
8
3
8
8
2
5
5
1
2
7
5
9
2
13
5
7
3
8
6
2
1
8
13
10
8
7
9
39
10
2
3
9
6
22
4
1
6
15
8
6
5
6
10
6
27
16
13
11
2
2
4
5
12
4
7
1
6
9
4
1
19
1
11
6
5
27
2
9
7
4
4
4
4
4
2
16
2
10
7
5
7
5
6
11
8
3
5
5
11
10
9
5
4
2
8
5
5
9
6
2
2
9
4
26
6
6
6
3
2
4
2
3
5
26
3
7
5
7
4
1
6
3
4
2
2
7
15
2
2
23
5
2
9
3
2
4
2
2
2
3
2
7
31
6
5
10
12
17
19
66
17
303
24
9
4
8
12
4
3
3
2
10
12
1
5
7
8
7
11
4
5
1
13
7
2
2
4
15
7
7
6
9
5
3
1
3
16
4
6
2
2
4
14
14
4
2
2
1
3
4
7
4
4
8
4
6
6
10
2
6
19
2
11
1
5
6
6
5
4
6
6
7
2
3
5
1
16
10
6
4
5
9
14
3
2
2
2
4
1
5
11
7
20
4
2
11
13
9
5
4
7
7
14
41
29
12
5
2
10
3
5
6
3
4