8
3
3
2
6
9
2
12
3
2
2
5
6
4
1
6
8
9
8
18
53
3
3
4
9
1
6
2
23
10
10
9
37
2
2
4
2
6
3
11
8
1
2
3
8
6
2
4
2
2
2
373
1733
2675
4
6
5
4
4
6
4
4
19
2
4
2
5
36
6
4
9
4
4
10
4
4
2
29
7
6
4
3
2
9
1
7
29
5
5
4
4
3
3
2
10
3
7
11
5
8
9
13
7
4
2
1
3
34
8
7
11
7
3
7
3
3
3
8
1
4
2
11
2
4
3
22
2
11
8
50
17
7
6
4
5
2
6
1
3
5
2
5
5
16
3
2
4
9
2
8
1
11
1
11
4
3
3
7
9
3
6
3
4
5
2
9
2
2
4
6
3
3
2
5
1
2
4
25
14
2
9
6
3
170
2225
82
2357
10
13
23
4
4
9
10
10
8
2
5
4
5
10
11
9
6
4
5
12
2
4
3
7
38
6
7
2
14
5
7
4
4
4
2
1
3
3
6
10
4
7
3
6
20
4
2
2
3
10
6
5
10
12
3
10
4
24
12
5
4
7
11
9
2
2
7
12
2
4
2
9
10
4
5
1
7
2
4
1
17
4
2
2
2
2
2
8
3
6
1
3
5
5
8
4
32
4
5
2
5
6
6
26
4
6
15
96
6
3
4
2
1