3
14
114
21
5
6
5
6
9
8
5
1
5
6
6
2
7
7
12
9
24
3
4
4
2
12
5
6
3
2
10
15
4
4
12
15
4
4
6
4
10
5
2
21
2
6
2
5
4
5
4
4
31
5
8
2
7
14
16
2
9
29
4
6
5
10
6
4
4
2
3
3
2
2
1
6
19
3
9
6
2
5
4
2
4
2
2
13
4
7
1
7
8
6
1
2
4
2
1
4
3
4
7
2
8
6
10
3
2
8
10
5
6
8
2
2
9
9
26
27
3
9
20
11
2
2
1
6
10
6
19
7
5
7
3
4
2
10
7
7
9
4
2
6
2
11
3
5
8
3
28
2
13
3
1
6
2
4
3
2
6
4
4
4
3
7
8
5
11
8
2
8
5
8
2
2
18
4
5
7
5
6
3
2
2
2
4
4
4
21
2
4
6
3
8
5
5
7
9
3
6
2
10
4
3
2
6
5
7
5
6
481
3281
1181
4
21
6
9
5
12
3
19
13
10
2
5
3
5
2
6
3
6
3
6
8
2
1
4
5
7
4
12
2
4
6
56
25
16
4
15
5
13
2
8
2
1
21
2
4
4
2
3
2
7
6
5
18
5
9
8
6
8
5
12
3
5
4
2
5
16
2
13
7
8
6
6
15
7
6
7
3
9
4
4
6
15
11
5
4
8