8 3 11 6 9 1 4 8 6 4 3 2 8 1 15 3 6 6 23 26
10 7 3 18 12 15 3 1 5 7 3 6 3 8 5 14 6 6 2 19
8 2 6 9 10 5 1 8 3 3 19 4 3 6 5 114 8 7 1 6
15 3 6 6 7 7 2 11 4 4 3 6 2 3 12 21 34 12 40 10
5 5 2 2 31 4 42 16 3 4 3 8 6 3 3 5 16 4 8 7
8 4 2 4 73 4 13 43 5 5 2 16 9 4 10 6 6 3 21 9
2 3 3 4 17 5 6 29 7 4 2 7 2 13 5 5 1 4 2 10
4 5 4 2 8 4 3 20 1 9 2 9 12 10 4 6 17 3 4 1
5 3 4 5 34 11 7 537 5 19 5 12 3 13 13 9 4 4 15 2
2 3 3 1 6 16 2 619 4 10 5 2 2 3 8 8 2 2 1 2
4 5 21 4 13 8 4 37 7 4 2 4 2 5 9 5 4 10 2 4
4 22 2 6 14 17 6 9 4 1 8 3 5 30 34 1 30 3 4 6
6 32 2 4 18 17 2 309 13 6 8 2 6 2 1 5 2 26 2 2
565 4 2 2 15 2 1 9 2 1 37 3 4 6 2 6 4 12 35 4
5047 2 7 4 21 10 2 296 3 3 1 13 1 4 4 6 3 2 7 6
5046 8 12 6 16 7 4 3470 2 4 4 2 6 5 4 2 12 2 9 4
23 1 4 4 14 8 7 2698 1 12 2 2 8 7 17 7 100 4 10 4
2 3 3 8 6 11 3 9 7 6 5 2 9 4 3 7 7 8 5 73
9 4 13 8 5 6 14 7 4 31 6 8 8 6 16 12 2 6 8 2
5 23 42 6 18 10 15 3 4 9 9 6 18 4 6 9 4 5 3 5
9 6 721 2 8 10 12 43 2 5 60 4 53 4 2 24 5 6 2 10
13 9 3088 1 13 10 53 18 3 4 22 6 3 3 4 3 11 2 7 12
6 7 2213 4 9 10 7 27 5 6 12 6 3 2 12 4 7 9 4 4
3 5 4 11 1 42 4 53 12 9 28 5 4 5 2 4 2 8 7 11
1 19 6 25 8 2 4 2 28 4 4 2 9 11 2 2 8 5 2 5
9 6 2 6 4 9 7 7 7 4 14 4 1 6 7 12 6 7 5 11
6 12 13 6 8 8 31 2 3 9 7 5 6 23 9 5 5 9 28 6
3 6 6 6 22 1 3 8 4 10 8 4 2 4 6 6 2 7 49 8
3 3 6 5 3 2 8 11 4 3 3 6 23 2 20 3 4 5 26 1
6 4 3 2 6 6 1 23 5 3 3 7 10 8 10 2 4 9 3 5
2 3 6 8 6 7 6 14 15 2 3 6 10 5 2 10 6 10 1 2
2 7 3 2 12 5 3 20 1 8 4 12 9 10 1 15 1 3 3 1
7 6 9 6 8 4 2 7 1 1 12 10 37 5 3 4 6 5 5 2
6 27 5 10 1 6 2 3 4 2 24 4 2 2 8 4 9 4 4 2
17 13 11 8 3 8 8 6 4 13 10 24 2 1 1 12 3 4 4 5
2 7 8 8 4 8 7 4 15 10 12 6 4 9 3 15 2 4 7 7
5 2 8 6 3 5 3 7 3 3 6 2 2 8 11 4 6 8 9 2
8 6 9 2 6 6 6 2 10 8 9 12 6 6 4 4 1 3 13 6
4 7 5 3 3 6 4 2 3 4 8 1 3 9 4 6 8 8 3 6
2 3 2 7 4 20 2 5 3 9 4 2 11 4 3 4 2 8 2 12
3 4 1 8 6 2 6 3 9 25 2 4 8 2 5 10 2 2 9 8
2 8 28 13 2 7 1 4 2 2098 4 3 1 3 6 5 4 5 22 4
4 2 2 2 2 6 5 11 6 1509 7 2 2 1 6 2 7 5 3 3
2 7 4 2 5 5 9 10 10 5 11 5 3 4 5 21 4 1 5 2
5 2 6 2 6 7 4 12 5 1 1 10 8 10 2 2 6 2 6 3
13 5 3 8 8 4 11 8 3 22 6 5 6 9 2 6 5 7 11 5
4 3 9 6 7 12 6 8 2 3 4 4 2 8 6 2 1 5 7 2
6 2 5 9 8 4 13 6 2 62 15 5 4 4 1 5 14 9 3 3
5 3 14 29 36 1 2 4 2 16 2 4 2 2 12 4 12 2 26 2
3 7 7 9 7 5 6 5 2 5 17 189 2 3 6 5 9 13 2 4
3 11 45 11 7 7 5 15 10 2 2 5 2 9 10 4 8 5 3 7
6 2 21 4 2 13 2 2 2 6 4 9 373 11 6 4 13 7 6 7
2 12 2 4 4 10 2 2 4 14 6 2 1733 4 4 31 2 3 2 3
9 7 5 3 11 12 8 4 2 2 3 5 2675 9 4 5 1 8 2 2
62 5 5 7 2 6 23 11 7 6 20 2 4 4 28 8 6 6 5 2
3 2 2 7 17 2 4 9 6 5 2 8 6 8 31 2 3 2 7 3
20 59 8 2 4 5 8 66 2 1 1 4 5 2 18 7 4 1 5 2
7 4 6 2 2 11 8 6 2 9 6 8 4 17 11 14 26 8 2 4
1 8 6 4 7 5 2 2 4 13 4 5 4 11 3 16 2 13 3 3
5 16 10 5 1 11 2 44 11 4 3 12 6 6 3 2 13 10 4 3
2 1 3 4 4 9 2 4 13 4 4 12 4 8 2 9 7 8 7 10
2 4 2 3 2 6 4 6 9 7 2 1 4 23 6 29 6 7 6 6
2 2 8 2 2 7 13 5 9 12 12 12 19 3 12 4 2 9 8 9
4 15 7 5 3 9 7 5 4 2 3 8 2 3 13 6 7 39 7 2
14 5 7 6 7 11 3 9 10 2 3 6 4 6 5 5 2 10 10 5
10 5 13 8 3 23 16 6 2 1 7 7 2 1 10 10 2 2 1355 3
8 12 19 2 4 6 10 2 9 4 2 6 5 2 31 6 5 3 3082 10
2 2 2 15 4 6 5 5 4 2 4 10 36 4 7 4 1 9 3233 3
8 6 6 2 2 2 7 2 6 2 8 4 6 17 11 4 4 6 128 9
5 3 6 4 4 5 8 2 5 6 12 4 4 8 4 2 1 22 4 10
3 4 10 10 6 27 5 2 10 2 3 6 9 2 8 3 2 4 8 7
8 4 8 16 2 4 1 14 1 2 2 7 4 1 6 3 6 1 4 15
7 3 8 11 3 11 15 10 5 4 7 10 4 8 8 2 7 6 3 2
2 5 8 2 8 5 15 14 12 32 31 7 10 2 3 2 8 15 9 1
2 3 3 21 1 8 3 13 13 3 6 7 4 7 10 1 4 8 16 2
2 18 3 4 9 5 2 7 9 21 4 4 4 1 9 6 9 6 11 4
2 6 7 7 6 9 6 8 3 5 7 3 2 2 10 19 8 5 8 9
6 1 11 2 5 2 5 3 6 12 10 12 29 5 12 3 3 6 7 3
2 5 10 3 14 2 17 2 2 86 77 10 7 2 12 9 10 10 7 2
8 8 7 2 9 2 2 13 4 4 2 9 6 2 13 6 14 6 5 9
4 5 15 2 9 1 3 9 6 3 11 2 4 3 5 2 25 27 3 1
3 8 4 1 5 4 37 2 2 8 8 4 3 3 11 5 13 16 26 33
2 2 7 6 8 5 2 2 6 4 11 2 2 6 4 4 5 13 10 8
12 6 2 9 7 6 2 4 8 3 4 4 9 9 9 2 3 11 11 5
13 4 2 4 17 8 2 4 17 3 2 8 1 2 2 4 3 2 4 7
5 8 4 11 4 9 6 5 5 9 3 4 7 6 2 2 9 2 5 17
17 43 3 4 2 12 12 5 5 10 2 6 29 16 11 2 2 4 12 4
4 2 2 10 2 8 6 8 2 4 6 12 5 9 4 13 2 5 7 2
52 14 5 2 12 2 7 2 9 9 10 5 5 2 7 4 2 12 7 2
9 4 2 6 9 4 3 4 10 5 7 34 4 4 6 7 12 4 1 5
4 19 9 10 6 5 1 5 2 1 3 2 4 6 11 1 6 7 12 3
7 8 5 4 6 1 9 2 5 2 2 4 3 3 5 7 4 1 11 3
7 16 3 2 4 3 2 2 8 4 4 4 3 1 2 8 5 6 5 6
46 8 1 6 4 7 4 4 13 1 5 5 2 7 8 6 3 9 5 5
2 9 4 4 3 2 10 4 4 4 5 6 10 3 12 1 12 4 6 3
4 5 5 3 1 5 42 13 4 2 2 2 3 15 2 2 2 1 5 5
2 1 6 17 3 2 2376 11 15 4 8 4 7 2 6 4 8 19 9 6
3 13 12 3 3 6 2776 13 6 7 8 6 11 2 7 2 21 1 9 2
4 10 4 5 4 3 1422 1 1 8 5 12 5 2 6 1 7 11 2 2
6 18 4 14 10 6 2 4 2 6 2 2 8 2 8 4 1 6 14 18
21 1 2 5 7 5 2 8 9 5 8 9 9 13 4 3 9 5 4 2
6 5 4 1 11 14 2 16 8 2 8 1 13 7 4 4 7 27 1 1
15 6 2 2 6 14 21 2 14 10 10 2 7 9 16 7 11 2 5 3
3 4 7 4 3 7 2 11 28 10 9 9 4 16 7 2 3 9 4 2
6 3 18 2 18 5 7 2 14 2 5 3 2 1 9 8 10 7 2 14
2 5 6 1 6 3 1 10 7 38 11 11 1 1 18 6 3 4 15 6
9 2 1 4 2 9 9 4 11 7 5 12 3 9 11 10 4 4 37 4
16 4 3 7 5 10 1 3 14 4 11 5 34 9 6 3 4 4 11 4
3 2 2 25 20 7 10 2 100 3 6 3 8 8 10 2 2 4 20 8
2 2 7 10 8 3 10 2 6 11 8 5 7 1 8 8 6 4 8 10
2 13 11 5 6 1 14 10 2 2 4 9 11 2 9 10 3 2 2 7
2 3 4 8 6 1 10 12 4 10 5 1 7 1 14 5 1 16 9 7
7 3 2 6 11 4 9 12 5 6 4 7 3 1 8 6 3 2 2 3
3 3 2 8 4 1 5 11 3 2 6 9 7 2 3 8 5 10 2 1
8 8 7 7 186 26 12 11 2 2 5 11 3 7 11 2 1 7 6 4
1 10 1 4 2 2 4 5 5 2 1 2 3 10 4 2 3 5 2 16
4 4 5 8 6 4 7 1 26 15 8 3 3 9 9 9 6 7 1 16
5 4 2 7 7 3 9 8 36 5 3 3 8 4 9 9 7 5 4 7
2 5 2 4 6 18 1 2 6 3 3 5 1 5 24 26 13 6 6 3
2 2 8 4 7 10 2 4 4 17 5 9 4 7 12 27 10 11 7 4
4 3 4 7 4 3 2 2 6 9 2 5 2 8 15 3 7 8 15 7
3 6 6 7 6 8 11 5 7 3 5 4 11 2 9 9 5 3 2 6
2 5 2 9 4 10 5 13 17 4 25 15 2 3 14 20 8 5 4 13
2 11 12 21 9 4 9 1 5 6 5 2 4 1 5 11 5 5 7 8
3 3 5 2 8 5 6 1 6 8 8 5 3 4 5 2 22 11 2 4
2 4 4 5 2 4 8 9 13 17 5 8 22 1 4 2 4 10 4 4
8 2 2 6 17 8 8 6 2346 15 5 3 2 1 11 1 7 9 5 5
4 8 4 9 27 5 5 2 1263 5 7 2 11 5 8 6 6 5 1 3
1 6 13 3 2 4 4 16 6 4 3 26 8 4 2 10 7 4 2 1
8 1 5 4 8 6 2 9 7 4 1 4 50 6 5 6 7 2 2 4
11 5 2 5 4 5 4 5 7 8 11 5 17 4 4 19 2 8 13 2
11 7 4 2 1 3 3 1 4 13 42 6 7 5 11 7 4 5 6 4
3 2 3 3 9 10 10 6 5 33 2 4 6 5 11 5 9 5 7 4
2 2 7 5 6 10 2 2 2 18 11 6 4 6 32 7 4 9 3 3
17 2 9 2 7 2 4 2 7 5 7 8 5 1 8 3 2 6 2 1
6 2 9 6 5 2 8 5 35 12 10 4 2 6 2 4 2 2 2 2
7 1 8 1 3 3 6 18 6 5 7 5 6 4 4 2 2 2 2 5
5 9 25 4 8 4 13 2 6 12 6 5 1 7 4 10 7 9 9 11
3 6 4 8 4 4 12 6 4 4 3 22 3 6 3 7 3 4 12 10
9 2 2 15 4 6 19 18 2 6 5 5 5 5 2 7 2 26 5 6
2 2 1 2 2 28 4 2 2 6 15 3 2 3 2 9 23 6 7 1
6 6 2 5 2 3225 11 10 11 5 5 4 5 1 4 4 10 6 5 6
30 5 4 5 6 2196 8 21 8 9 6 11 5 1 8 2 10 6 2 4
8 5 2 2 25 4 6 9 7 7 4 5 16 3 3 6 2 3 12 7
23 3 5 2 2 25 6 3 10 3 10 2 3 41 4 2 5 2 6 2
2 8 19 2 14 4 46 3 6 4 3 9 2 3 1 11 2 4 4 2
4 1 4 4 4 4 3 11 19 5 10 3 4 9 16 3 6 2 5 2
2 3 2 21 9 10 5 10 9 4 6 5 9 2 24 5 1 3 6 3
4 4 9 11 7 24 28 2 8 5 5 2 2 3 4 8 6 5 7 2
2 8 6 15 2 106 3 2 2 5 9 4 8 5 2 3 2 26 8 4
5 9 12 21 2 8 17 2 12 7 6 2 1 4 16 28 7 3 7 6
2 7 7 12 8 12 8 2 21 9 9 13 11 3 2 2 7 7 2 7
24 5 2 14 5 8 7 8 4 1 7 6 1 20 2 13 9 5 43 5
4 6 5 8 9 4 6 8 7 5 8 4 11 37 9 3 6 7 7 5
2 2 2 12 31 4 7 15 4 5 9 10 4 18 2 1 2 4 5 5
2 2 1 17 6 9 10 10 6 4 2 13 3 3 3 6 10 1 4 13
4 5 5 13 6 4 4 13 8 1 4 13 3 11 1 2 18 6 2 8
5 2 1 4 5 9 4 23 8 4 4 8 7 11 4 4 55 3 7 1
6 3 2 8 14 16 6 3 7 2 8 3 9 3 1 3 3 4 3 1
4 6 2 14 4 6 2 2 2 4 15 5 3 11 2 2 2 2 6 29
3 11 14 4 2 5 8 72 12 3 10 9 6 12 5 6 6 2 2 17
4 1 12 8 5 10 4 149 8 10 10 2 3 7 3 4 2 7 5 3
4 2 5 8 10 11 4 33 6 4 2 3 4 6 5 4 8 15 22 16
6 2 14 7 3 11 4 7 6 10 3 6 5 3 11 4 5 2 5 8
9 4 7 3 4 9 13 6 7 14 9 2 2 71 9 3 20 2 7 4
6 5 7 12 4 5 10 2 3 4 22 4 9 4 14 7 8 23 5 5
7 6 3 8 6 40 2 4 6 5 3 17 2 6 2 8 2 5 5 1
5 112 30 2 10 2 30 6 6 29 10 2 2 6 4 5 6 2 4 9
736 83 4 6 2 4 4 2 3 9 4 9 4 1 4 11 2 9 6 7
3282 8 5 7 4 5 6 16 4 8 15 11 6 7 2 8 8 3 8 3
367 34 6 28 1 4 5 8 12 2 3 5 3 1 12 2 1 2 4 8
2 2 2 8 4 6 5 9 16 2 8 5 3 7 14 8 37 4 6 4
32 6 5 5 27 8 9 21 9 3 2 4 2 6 14 5 9 2 11 5
7 6 6 6 29 12 9 8 12 5 3 8 5 74 33 8 7 2 3 24
9 1 4 3 13 3 12 3 1 6 18 8 1 2791 4 2 2 2 1 5
8 8 13 5 12 5 8 15 4 15 5 34 2 3326 12 2 4 3 6 5
2 3 8 11 5 11 12 13 2 3 1 11 4 2776 5 18 458 2 2 6
15 4 19 6 8 1 16 9 3 6 1 6 25 4 4 4 3287 7 8 4
7 19 4 4 2 8 10 5 7 7 13 5 14 3 11 5 1644 31 14 3
7 6 4 6 4 8 9 21 4 6 5 4 2 7 29 7 4 6 2 3
2 13 5 2 295 6 7 19 9 3 3 2 9 8 4 5 4 5 4 756
3 8 4 4 2945 8 8 8 5 10 7 6 6 5 5 6 6 10 2 2931
7 3 1 9 1386 11 7 11 2 2 2 4 3 7 3 3 2 12 3 3021
8 6 4 9 1 11 9 4 3 8 16 2 170 6 5 2 5 17 4 2420
3 4 5 8 3 26 4 2 2 6 2 2 2225 6 6 2 10 19 4 1
1 4 4 15 2 9 6 2 2 6 15 3 82 2 4 2 5 66 10 2
7 75 11 2 3 3 4 4 4 7 4 2 2357 1 4 4 11 17 28 7
19 12 7 10 1 10 4 5 6 2 3 4 10 7 6 4 25 303 6 3
7 21 5 9 4 4 6 8 12 3 10 2 13 5 3 4 1 24 2 7
7 16 10 5 49 9 9 12 1 13 7 4 23 5 11 21 3 9 9 32
1 9 10 6 2 3 9 7 6 5 3 2 4 28 17 2 3 4 11 7
5 8 3 6 13 4 3 4 9 9 25 2 4 4 4 4 21 8 112 8
14 4 4 9 5 3 5 2 4 7 3 4 9 24 5 6 6 12 7 10
6 14 7 6 21 4 11 6 9 1 6 4 10 2 1 3 2 4 7 6
6 8 12 3 9 20 12 8 4 5 9 2 10 2 2 8 4 3 2 4
4 2 2 2 29 9 8 6 1 22 7 5 8 12 1 5 4 3 7 5
2 6 6 8 8 7 5 1 17 2 20 2 2 19 5 5 6 2 9 2
2 3 5 4 5 8 10 6 4 9 3 2 5 117 5 7 13 10 3 7
2 6 7 6 1 8 16 4 2 9 5 2 4 13 6 9 7 12 6 9
3 3 2 13 5 9 18 4 6 6 5 7 5 24 3 3 6 1 8 4
37 4 4 8 4 3 9 18 10 8 9 7 10 3 1 6 4 5 4 26
9 19 5 2 3 2 11 14 11 2 8 4 11 4 11 2 4 7 6 6
9 4 4 5 3 6 8 7 24 6 4 7 9 12 4 10 6 8 7 5
9 4 3 4 11 4 11 5 19 8 5 1 6 1 5 4 29 7 5 5
7 38 9 6 8 5 8 56 3 16 11 2 4 4 4 3 1 11 2 5
3 16 5 28 1 3 3 5 33 7 8 2 5 4 8 2 2 4 2 6
9 3 2 7 4 2 11 8 2 158 8 9 12 7 3 6 4 5 5 6
5 1 2 4 3 5 11 4 2 34 4 7 2 2 7 5 2 1 5 1
6 21 4 11 4 5 4 2 1 6 13 2 4 6 3 7 4 13 3 7
2 7 2 9 4 7 2 3 7 3 4 2 3 7 2 5 2 7 5 4
6 2 2 13 4 9 4 11 10 3 9 6 7 1 26 6 2 2 6 3
4 2 6 8 5 3 4 10 2 34 6 27 38 3 2 481 4 2 12 6
2 5 6 43 5 9 6 2 14 2 2 9 6 4 3 3281 11 4 11 5
1 11 7 2943 2 2 5 6 9 4 3 4 7 1 7 1181 5 15 8 3
4 3 3 718 2 5 14 2 3 21 2 2 2 9 20 4 2 7 12 6
7 6 4 2 4 4 3 4 2 13 14 6 14 6 74 21 5 7 5 7
3 14 4 2 9 21 4 3 4 10 21 4 5 7 7 6 12 6 2 5
18 6 2 2 3 3 10 4 7 7 2 9 7 8 1 9 2 9 8 3
6 3 1 4 7 10 4 11 1 2 11 4 4 2 5 5 2 5 11 4
4 5 13 11 2 2 2 7 16 7 6 5 4 6 11 12 2 3 5 9
7 5 27 8 5 3 6 2 6 5 3 4 4 14 9 3 4 1 10 13
13 4 9 7 2 11 1 2 2 6 8 10 2 4 3 19 11 3 8 96
3 3 4 14 10 6 5 3 10 4 3 4 1 4 4 13 20 16 5 82
9 1 8 7 2 10 4 3 22 35 5 15 3 2 4 10 4 4 12 4
2 3 15 4 9 2 7 5 6 4 3 8 3 11 2 2 8 6 5 8
4 5 1 4 5 8 10 3 9 7 3 13 6 12 4 5 10 2 5 12
6 13 9 6 9 7 8 6 11 1 3 7 10 2 6 3 5 2 7 33
5 3 6 4 4 6 4 8 13 2 2 5 4 11 5 5 2 4 5 8
6 7 3 6 4 8 6 4 5 4 21 2 7 3 10 2 6 14 6 3
4 8 4 2 6 2 4 4 9 8 6 1 3 8 9 6 6 14 2 1
10 8 5 3 7 5 7 8 5 5 5 2 6 3 2 3 4 4 3 4
8 2 1 5 4 6 7 13 12 7 2 4 20 3 1 6 8 2 2 2
1 2 3 8 2 3 3 8 3 2 6 5 4 12 8 3 11 2 16 4
8 6 14 5 4 3 9 5 9 4 2 12 2 7 10 6 2 1 38 9
6 1 4 11 7 17 4 3 4 36 8 1 2 1 9 8 2 3 7 3
1 4 6 6 15 7 11 13 15 4 4 4 3 6 2 2 8 4 5 5
1 9 4 12 4 9 3 9 2 4 5 21 10 1 5 1 2 7 8 5
7 4 5 10 4 22 4 2 5 15 8 4 6 25 7 4 1 4 2 3
3 6 4 22 15 4 2 6 2 9 12 2 5 11 9 5 2 4 6 7
2 4 11 3 3 11 4 9 2 11 5 4 10 4 2 7 2 8 4 3
6 7 3 11 2 33 15 5 7 4 1 3 12 6 4 4 11 4 7 7
2 4 16 10 14 4 7 4 8 5 2 4 3 3 2 12 10 6 5 4
4 3 7 6 6 3 4 4 9 2 6 2 10 1 7 2 8 6 1 1
10 6 6 183 3 4 1 16 2 2 1 6 4 4 3 4 2 10 9 4
18 2 1 9 12 2 7 22 3 6 6 8 24 21 5 6 12 2 4 3
3 9 2 5 4 19 1 9 7 2 2 6 12 31 5 56 2 6 8 16
8 24 13 2 6 2 11 3 2 4 3 4 5 4 4 25 2 19 3 1
8 34 5 15 4 8 3 2 3 5 7 9 4 5 8 16 2 2 4 5
9 23 6 5 4 5 1 4 5 2 6 9 7 4 3 4 1 11 14 3
4 2 1 7 6 5 12 3 9 2 2 12 11 12 3 15 5 1 10 6
2 22 3 17 3 6 4 3 4 9 3 6 9 4 5 5 6 5 7 4
4 46 7 2 10 12 6 5 1 5 15 6 2 7 2 13 2 6 16 15
31 8 3 9 28 3 6 11 13 9 12 2 2 1 6 2 3 6 36 13
2 8 2 4 2 4 11 7 4 14 11 5 7 8 3 8 2 5 7 4
6 3 2 2 6 5 18 5 9 2 86 6 12 14 3 2 8 4 4 17
9 6 28 12 3 3 14 1 5 4 2981 17 2 3 22 1 21 6 9 1
4 13 33 2 3 2 5 2 3 3 2377 6 4 5 7 21 4 6 7 7
2 2 15 4 14 6 10 11 6 8 1638 1 2 17 11 2 2 7 2 5
1 6 1 4 7 6 6 17 26 5 4 2 9 1 2 4 2 2 3 10
4 5 7 6 13 2 16 3 7 6 5 10 10 7 6 4 3 3 3 5
7 10 9 5 13 2 6 3 6 5 22 5 4 1 10 2 8 5 2 5
3 12 6 8 2 2 3 17 2 6 2 2 5 7 5 3 7 1 2 2
2 2 6 5 2 11 7 6 7 2 4 5 1 7 4 2 12 16 2 10
8 2 2 4 40 12 8 10 7 2 2 16 7 3 1 7 4 10 8 24
7 8 4 3 10 10 8 8 15 6 4 4 2 2 2 6 5 6 11 2
3 6 2 4 4 1 8 10 8 16 9 5 4 6 5 5 7 4 8 9
3 12 5 13 11 2 2 4 9 4 10 37 1 3 1 18 3 5 5 5
6 4 3 5 4 8 10 6 6 7 14 8 17 2 4 5 7 9 2 2
20 2 3 2 4 6 9 12 2 5 5 2 4 3 13 9 3 14 2 5
8 6 6 3 1 8 6 21 4 4 28 2 2 3 5 8 3 3 4 52
6 5 1 14 4 6 7 7 5 12 5 9 2 6 12 6 9 2 11 20
11 3 25 13 9 3 6 6 14 7 2 2 2 12 9 8 3 2 6 2
3 1 6 3 8 6 9 2 2 1 5 3 2 10 3 5 16 2 6 6
10 2 6 12 19 4 14 3 2 2 5 6 2 4 12 12 12 4 27 2
12 11 12 9 7 2 4 2 8 11 7 4 8 16 2 3 18 1 2 6
7 4 11 7 6 3 4 2 11 2 8 7 3 2 16 5 12 5 2 1
5 2 50 2 12 3 8 10 9 22 11 7 6 9 8 4 10 11 6 6
1 9 8 6 2 26 9 5 2 4 32 11 1 4 2 2 13 7 5 2
4 4 10 16 2 2 2 10 6 7 1 3 3 5 4 5 6 20 3 4
6 2 12 1 7 3 1 7 4 5 4 2 5 12 2 16 10 4 13 3
3 10 1 2 5 8 4 2 14 3 6 5 5 15 7 2 15 2 4 4
8 10 3 9 5 5 3 9 2 7 8 4 8 11 8 13 5 11 2 2
10 6 12 30 2 2 6 11 4 2 18 7 4 3 6 7 4 13 4 3
2 6 2 2 2 2 2 21 17 3 5 4 32 8 10 8 14 9 4 1
2 1 6 2 10 4 4 5 15 16 4 1 4 11 8 6 6 5 4 9
3 7 6 6 5 6 6 13 6 5 1 4 5 3 13 6 15 4 3 5
4 5 4 5 3 5 10 13 5 5 2 3 2 4 6 15 6 7 3 4
6 21 2 14 17 15 3 41 7 5 8 6 5 9 14 7 2 7 8 8
2 2 3 2 6 2 1 2 10 7 4 5 6 8 1 6 4 14 2 5
5 6 13 2 12 2 12 5 9 4 5 5 6 6 7 7 13 41 5 4
7 11 5 2 1 4 17 8 2 2 7 5 26 7 3 3 3 29 5 4
2 6 4 9 2 9 2 3 6 4 7 3 4 4 2 9 4 12 5 5
5 1924 1 11 4 5 10 7 11 6 2 6 6 1 10 4 4 5 8 3
2 3538 7 13 5 3 5 1 8 12 3 37 15 2 5 4 2 2 2 4
5 3887 4 14 26 3 4 10 4 4 6 13 96 1 4 6 2 10 9 5
1 10 4 6 5 3 2 4 3 2 15 6 6 2 9 15 2 3 6 3
2 6 3 4 12 13 3 5 9 7 6 10 3 4 6 11 2 5 934 4
1 15 2 2 2 2 6 2 4 10 5 11 4 8 10 5 7 6 3376 5
3 3 3 6 4 4 4 6 4 2 12 4 2 6 3 4 10 3 595 29
16 4 4 3 3 4 57 2 1 3 3 6 1 29 7 8 9 4 3 4