1
15
5
7
4
4
5
4
11
16
8
17
17
2
10
7
8
11
6
10
10
10
10
42
2
9
8
1
2
6
7
5
4
6
8
8
5
6
6
20
2
7
6
5
7
4
12
4
1
5
7
13
10
12
6
2
5
11
5
11
9
6
7
9
11
23
6
6
2
5
27
4
11
5
8
5
9
2
2
2
1
4
5
6
8
9
12
8
2
4
5
1
3
7
2
5
2
6
3
6
5
14
14
7
5
3
9
10
7
3
1
1
4
1
26
2
4
3
18
10
3
8
10
4
5
4
8
5
4
6
5
3
10
10
2
2
3
4
4
6
28
3225
2196
4
25
4
4
10
24
106
8
12
8
4
4
9
4
9
16
6
5
10
11
11
9
5
40
2
4
5
4
6
8
12
3
5
11
1
8
8
6
8
11
11
26
9
3
10
4
9
3
4
3
4
20
9
7
8
8
9
3
2
6
4
5
3
2
5
5
7
9
3
9
2
5
4
21
3
10
2
3
11
6
10
2
8
7
6
8
2
5
6
3
3
17
7
9
22
4
11
33
4
3
4
2
19
2
8
5
5
6
12
3
4
5
3
2
6
6
2
2
2
11
12
10
1
2
8
6
8
6
3
6
4
2
3
3
26
2
3
8
5
2
2
4
6
5
15
2
2
4
9
5
3
3
3
13
2
4
4