8
1
8
11
16
43
29
20
537
619
37
9
309
9
296
3470
2698
9
7
3
43
18
27
53
2
7
2
8
11
23
14
20
7
3
6
4
7
2
2
5
3
4
11
10
12
8
8
6
4
5
15
2
2
4
11
9
66
6
2
44
4
6
5
5
9
6
2
5
2
2
2
14
10
14
13
7
8
3
2
13
9
2
2
4
4
5
5
8
2
4
5
2
2
4
4
13
11
13
1
4
8
16
2
11
2
10
4
3
2
2
10
12
12
11
11
5
1
8
2
4
2
5
13
1
1
9
6
2
16
9
5
1
6
2
2
5
18
2
6
18
2
10
21
9
3
3
11
10
2
2
2
2
8
8
15
10
13
23
3
2
72
149
33
7
6
2
4
6
2
16
8
9
21
8
3
15
13
9
5
21
19
8
11
4
2
2
4
5
8
12
7
4
2
6
8
6
1
6
4
4
18
14
7
5
56
5
8
4
2
3
11
10
2
6
2
4
3
4
11
7
2
2
3
3
5
3
6
8
4
4
8
13
8
5
3
13
9
2
6
9
5
4
4
16
22
9
3
2
4
3
3
5
11
7
5
1
2
11
17
3
3
17
6
10
8
10
4
6
12
21
7
6
2
3
2
2
10
5
10
7
2
9
11
21
5
13
13
41
2
5
8
3
7
1
10
4
5
2
6
2