5 5 83 11 158 17 3 3 20 15
8 22 636 8 11 80 12 1 4 133
48 3 104 11 20 25 4 2 23 40
99 171 4 11 6 3 5 31 16 486
3 96 14 120 7 1 50 15 7 549
7 31 14 16 25 3 888 47 116 888
8 4 9 33 4 6 220 154 165 163
36 5 2 121 86 7 500 237 50 831
43 43 4 130 93 2 37 67 759 60
48 40 5 403 34 5 264 4 1164 7
23 5 4 101 69 12 16 4 151 46
844 8 6 14 1477 6 29 313 195 11
1151 10 10 6 102 10 6 1353 4 33
1326 5 4 48 105 4 13 859 4 47
1072 10 6 80 228 4 10 5 6 12
1241 2 4 60 765 8 20 9 53 26
647 2 2 2 672 6 4 18 104 10
11 1 4 5 15 4 2 30 76 4
53 2 8 13 24 8 10 18 19 6
3 10 17 13 752 22 67 3 3 20
441 1 11 2 142 5 33 6 196 2
3 11 6 9 6 6 26 6 42 11
20 11 2 5 6 5 12 80 37 61
220 6 6 91 7 4 24 23 21 9
25 3 9 78 6 2 6 3 23 6
12 4 2 11 4 8 22 2 157 8
22 10 14 4 149 10 15 2 130 37
5 3 1 4 103 5 21 8 2 3
4 5 1 14 876 5 12 1 3 28
7 8 15 13 190 21 4 8 23 7
12 5 4 40 554 2 3 2 6 2
7 5 8 74 241 3 9 12 4 3
4 12 2 7 27 21 8 138 11 4
2 1 4 50 8 14 14 135 28 2
14 2 7 31 17 13 6 5 37 2
37 3 14 13 4 6 13 17 309 4
317 21 4 111 35 20 4 2 106 25
2 58 12 41 213 8 5 7 7 5
7 19 3 21 125 6 6 1 6 2
11 18 2 24 25 13 4 555 13 24
5 9 5 15 4 19 12 826 108 7
3 4 7 14 15 4 7 133 2 2
9 3 10 29 3 22 3 142 4 15
5 3 21 4 5 22 27 7 10 5
19 11 5 5 9 13 8 2 2 16
3 2 10 8 20 10 12 8 4 14
35 3 2 7 23 29 7 35 11 5
117 6 2 4 17 3 12 6 9 7
174 6 2 15 2 1 7 15 7 6
14 4 3 5 24 4 2 19 4 15
11 2 4 11 28 4 4 7 6 18
4 1 14 8 4 6 2 140 8 13
4 6 7 15 5 9 4 1998 6 2
1 15 1 4 24 3 5 2 2 18
9 17 2 2 45 3 2 12 16 4
16 6 2 23 15 7 3 15 6 2
20 2 2 3 16 9 2 38 8 27
105 1 4 7 13 1 7 5 4 2
127 5 7 6 14 5 9 4 1 2
14 1 11 18 27 5 4 2 2 2
4 3 4 19 21 4 8 7 8 4
5 7 4 10 4 2 2 6 29 3
159 6 10 4 140 2 4 3 4 3
59 5 4 1 19 6 8 15 15 6
32 36 16 5 38 11 22 8 17 9
47 14 4 4 11 12 2 12 3 27
30 10 13 12 2 4 2 7 5 9
6 11 4 1 21 1 8 3 27 6
13 5 10 12 11 2 7 9 8 10
1 41 3 6 8 19 11 2 6 6
17 14 12 17 11 16 26 6 13 4
10 2 8 18 4 7 6 60 106 6
1 3 4 19 6 3 2 4 3 11
9 2 38 10 29 34 20 9 8 3
11 3 200 72 167 4 119 11 2 4
8 2 142 22 66 6 10 2 2 4
5 5 41 7 4 31 2 16 2 5
12 4 162 2 30 12 9 4 52 4
9 3 48 5 73 23 23 7 8 2
2 6 433 30 28 3 95 6 2 2
1 4 37 3 73 6 24 5 3 7
14 15 399 2 57 8 104 4 8 7
2 2 148 5 24 6 457 6 2 8
11 2 737 29 19 4 533 13 7 3
10 7 403 66 245 71 2093 7 3 4
4 13 615 15 933 16 29 2 2 16
1 8 616 4 838 29 228 2 10 2
17 12 305 7 515 5 13 6 4 6
10 7 216 3 33 2 4 2 4 4
3 24 182 3 28 8 7 8 4 8
5 2 211 3 53 2 3 11 4 6
6 3 30 24 10 8 6 4 3 15
6 8 48 8 12 4 6 14 2 39
9 11 21 5 2 8 3 20 4 7
1 5 25 2 4 65 1 18 4 5
10 2 115 17 12 119 4 21 15 23
5 3 133 18 22 27 69 20 3 72
12 8 38 18 10 19 298 26 7 1
3 7 9 13 16 2 7 3 4 2
2 8 7 23 97 8 20 5 2 13
10 6 11 13 15 6 11 4 4 9
1 7 2 12 25 2 39 15 12 4
20 6 50 7 17 21 22 9 4 7
22 9 19 4 5 12 8 16 2 5
89 2 4 9 10 11 7 2 2 14
16 5 5 7 17 25 11 2 6 4
2 2 8 8 3 74 6 1 35 1
4 9 7 5 11 24 14 9 28 2
3 9 4 4 6 7 4 6 9 12
5 5 13 8 1 35 11 11 68 17
11 4 4 14 11 6 7 3 15 15
116 4 8 7 2 4 128 1 27 1
22 3 5 5 17 4 30 5 9 7
469 6 2 4 33 10 6 2 5 3
316 3 4 8 11 20 5 4 5 1
223 4 23 5 15 2 5 2 23 17
91 6 8 34 2 26 7 8 2 12
101 6 2 7 23 3 66 13 27 7
1 20 5 9 5 4 113 7 64 12
16 87 5 9 13 5 140 2 24 4
123 4 3 10 26 5 10 5 2 5
158 4 5 6 2 15 86 23 19 2
74 3 9 23 6 74 150 51 64 10
27 7 1 4 4 29 79 7 5 1
5 4 48 13 2 6 86 6 22 3
5 4 60 15 2 3 1 6 4 3
28 11 11 7 9 5 6 10 2 4
180 10 11 20 6 21 8 3 3 2
43 7 10 6 6 24 2 2 9 2
10 26 2 14 4 6 7 26 31 4
23 19 2 10 32 18 8 13 31 6
2 4 1 2 64 243 10 14 7 5
4 6 4 2 56 94 2 17 11 7
14 4 13 4 68 38 11 2 25 11
2 6 5 22 6 8 11 8 47 7
1 5 16 9 21 4 22 14 1076 9
5 2 5 4 8 3 7 6 29 8
4 6 6 12 9 2 4 4 1 2
53 3 10 19 2 7 6 8 2 6
48 14 22 5 5 3 7 6 3 4
28 23 20 5 8 2 19 3 11 14
1 4 58 2 7 6 10 6 5 4
19 5 23 13 5 28 6 6 8 4
84 20 3 5 9 4 6 11 12 13
261 9 5 2 8 10 10 2 2 5
567 3 10 10 9 48 4 4 6 2
4 7 5 8 10 14 3 7 4 4
31 6 8 7 10 5 19 2 2 8
4 6 15 14 12 2 18 6 6 17
5 1 6 5 6 4 9 5 6 6
20 4 10 7 3 9 18 6 4 2
45 3 1 5 6 8 6 3 2 2
94 2 10 4 2 13 13 7 118 13
19 21 2 22 9 10 3 6 9 2
49 4 14 9 20 1 7 6 3 9
376 8 6 2 21 4 8 8 8 2
156 9 3 6 15 13 11 2 6 4
2 6 4 12 29 15 24 3 7 6
14 2 8 4 5 17 6 2 7 5
32 70 28 5 9 2 5 6 8 7
4 6 16 23 17 8 12 4 14 21
9 7 6 7 93 12 3 20 6 13
16 6 2 4 10 5 11 93 15 5
42 2 2 6 6 19 45 170 4 14
11 17 2 4 20 5 13 110 6 9
2 2 10 7 36 11 2 21 4 18
303 12 6 4 7 4 2 17 29 4
288 14 3 4 15 19 25 2 955 5
53 5 11 8 4 1 15 4 627 4
45 11 2 4 3 5 14 10 317 3
3 6 11 2 7 18 6 12 359 5
2 4 4 3 45 7 2 8 233 91
5 4 2 6 54 10 4 13 6 84
5 3 6 2 65 3 4 8 27 8
1 8 7 4 21 12 2 12 23 14
36 56 16 2 6 2 27 10 42 24
15 12 1 19 5 2 1 10 82 7
5 10 2 4 14 4 10 9 2 2
7 11 8 8 9 15 2 3 2 4
3 5 19 6 8 6 2 18 18 2
3 6 14 4 26 32 3 2 19 4
2 12 5 2 4 15 13 8 125 6
74 4 7 4 4 6 2 2 34 2
11 8 10 19 15 5 4 9 101 2
14 10 2 6 15 26 4 11 285 5
6 4 50 7 6 213 7 12 26 9
16 5 19 13 10 593 6 2 187 11
8 2 4 9 10 108 7 12 886 32
6 16 5 1 6 2 1 25 17 11
4 8 8 6 4 1 1 5 2 18
4 4 7 4 3 20 4 21 15 7
53 72 4 8 1 7 2 28 6 5
136 14 13 8 2 2 6 16 11 7
18 2 4 3 5 10 10 11 128 30
64 4 8 5 9 18 4 11 22 546
3 12 5 2 4 227 2 6 81 146
3 5 2 4 2 6 5 6 172 6
8 28 4 9 4 9 6 4 217 2
31 93 23 10 9 4 2 6 310 9
2 42 8 2 3 8 5 2 4 6
3 5 2 8 4 11 4 10 2 2
2 12 5 6 2 193 7 4 1 1
97 5 5 3 2 3 8 22 2 776
14 8 3 21 2 13 9 9 6 155
13 2 5 4 10 10 18 21 2 16
3 6 5 13 5 9 5 2 15 2
5 27 4 12 34 209 4 12 134 2
3 3 8 17 21 9 8 5 12 4
7 11 2 18 4 2 10 3 6 21
4 4 7 5 4 150 2 5 8 6
1 2 4 6 4 41 4 4 11 9
2 9 9 14 8 272 4 7 28 5
8 3 27 3 2 5 4 4 28 2
13 3 21 6 12 6 4 11 2 11
2 15 43 13 7 26 4 6 8 42
4 4 6 12 6 12 8 3 4 6
4 10 38 15 11 95 8 21 10 4
2 2 1 2 14 37 3 31 7 8
2 15 31 5 22 5 15 6 6 3
17 9 128 2 21 255 2 49 3 102
10 9 7 4 4 54 18 4 19 8
15 10 27 8 10 13 16 26 6 6
11 9 24 2 11 7 2 1 3 9
3 22 6 5 1 9 2 1 1 4
15 21 5 12 22 6 3 2 11 5
6 4 51 4 4 4 2 4 5 7
11 4 222 1 3 6 2 13 4 6
7 9 14 2 4 6 1 12 7 10
14 10 30 2 11 4 3 1 5 14
3 4 61 13 3 4 2 15 34 8
3 12 169 14 8 6 6 6 2 5
23 16 1409 6 17 2 2 4 50 3
3 19 332 17 4 1 2 4 11 7
6 4 8 8 4 8 3 63 2 5
4 3 5 5 8 4 4 17 15 13
11 6 31 10 13 6 2 5 2 9
17 7 88 3 17 10 5 6 2 18
8 6 7 14 12 18 15 4 2 66
32 1 5 8 8 482 287 2 6 4
7 2 17 24 6 243 1570 4 10 18
8 8 15 66 4 78 351 4 8 14
7 6 36 27 10 11 18 2 11 50
7 3 19 35 2 7 4 4 3 14
5 5 2 35 2 22 6 7 38 8
18 16 3 40 51 15 5 34 28 6
106 9 3 38 11 39 2 13 9 3
3 9 2 36 25 5 2 11 5 9
8 7 50 32 10 9 10 4 15 10
2 31 8 36 13 13 9 8 18 8
2 19 4 26 35 18 4 7 28 6
2 9 8 19 16 21 2 3 8 2
52 3 65 5 39 8 3 8 4 2
8 4 119 12 20 4 5 5 5 8
2 13 27 5 16 2 7 2 4 4
3 7 19 3 23 10 9 2 13 11
8 4 2 9 8 4 6 23 24 6
2 8 8 14 7 3 8 4 20 15
7 6 6 14 7 20 7 8 2 7
3 1 2 36 9 10 6 4 7 8
2 14 21 90 48 3 4 7 2 10
10 1 12 89 7 3 3 6 4 6
4 6 11 4 2 10 2 4 7 10
4 8 25 8 106 2 2 7 7 9
4 3 74 14 3 18 9 7 2 15
4 17 24 16 8 12 2 9 4 6
3 6 7 8 2 6 15 18 4 8
2 14 35 19 2 19 24 7 1 18
4 2 6 10 2 3 4 2 3 7
4 4 4 7 52 2 2 2 4 21
15 6 4 3 8 11 2 3 2 4
3 8 10 7 2 14 7 5 3 1
7 2 20 4 3 15 5 1 17 3
4 7 2 13 8 2 2 4 8 5
2 6 26 22 2 6 3 1 30 5
4 4 3 10 7 14 4 5 4 2
12 11 4 9 3 3 2 11 9 2
4 8 5 8 2 5 13 14 2 9
2 4 5 2 10 6 4 151 4 12
2 8 15 4 4 14 2 14 2 9
6 6 74 4 4 37 4 33 8 15
35 16 29 10 4 9 7 127 9 14
28 18 6 7 4 2 4 41 19 9
9 10 3 3 3 10 12 27 8 2
68 6 5 1 2 12 21 5 15 7
15 8 21 8 4 6 4 17 6 2
27 3 24 4 4 3 2 21 9 10
9 118 6 2 15 3 2 13 2 17
5 600 18 2 3 6 3 10 2 8
5 107 243 13 7 30 5 7 15 3
23 323 94 6 68 5 7 7 18 1
2 135 38 2 15 8 4 26 2 6
27 41 8 2 27 17 6 38 2 4
64 122 4 7 9 47 2 9 30 40
24 126 3 2 5 6 4 2 5 4
2 97 2 9 23 199 13 2 5 4
19 22 7 15 27 13 4 4 4 4
64 18 3 10 64 18 6 1 4 8
5 46 2 14 24 11 3 6 2 20
4 83 6 8 2 8 5 3 17 2
5 104 28 6 5 2 9 1 25 6
