37 60 1588 79 59 342 482 18 11 681
12 74 985 226 87 438 147 20 130 885
127 2 139 2533 73 315 319 18 144 1135
214 24 198 49 107 2081 243 44 401 204
80 22 220 186 26 342 262 747 320 153
241 30 2266 361 56 182 146 188 247 182
196 45 175 16 30 450 371 2281 142 173
53 28 157 370 43 210 32 140 49 179
250 44 706 21 32 298 67 150 106 188
416 29 1429 15 30 185 60 147 32 137
32 20 534 366 30 175 84 184 83 189
65 173 176 25 34 182 66 157 68 143
64 251 154 358 30 153 27 206 28 175
55 24 155 24 26 176 27 159 42 139
54 24 196 22 26 201 29 160 32 140
36 32 157 362 36 184 42 171 32 167
36 22 282 16 32 176 32 243 36 135
35 363 1090 351 38 189 46 2384 28 179
34 42 1447 21 22 189 25 134 28 139
76 22 166 21 30 191 294 152 33 183
27 24 215 356 28 181 28 197 30 144
32 20 161 17 28 182 32 159 28 178
24 22 154 353 32 174 29 155 26 136
24 24 211 35 28 186 36 181 36 155
34 21 150 34 28 182 26 141 32 163
24 32 154 354 34 198 30 146 30 139
30 22 177 18 36 140 34 210 50 145
36 30 182 367 38 182 32 1560 32 167
25 24 150 29 30 178 32 1000 32 178
34 26 165 17 32 192 32 150 30 134
28 22 182 354 26 186 34 199 36 178
32 18 146 22 34 191 26 154 36 146
28 24 130 353 30 183 34 156 32 172
24 18 167 21 30 172 38 152 30 140
32 23 153 8 32 202 36 204 34 129
18 26 155 371 34 180 22 153 32 140
32 24 221 18 32 190 28 158 46 149
36 26 156 351 32 179 32 202 36 132
30 23 149 26 26 192 32 138 32 153
24 23 724 21 32 183 32 156 26 125
30 22 572 359 32 182 32 200 20 134
24 24 1260 21 26 182 34 156 32 138
32 22 1569 360 32 148 32 157 32 77
32 22 809 22 30 184 40 128 38 70
22 20 1299 20 32 183 26 190 28 221
30 31 296 359 26 182 28 152 32 212
24 24 498 21 32 191 32 201 36 175
32 28 617 365 38 195 34 151 32 141
30 24 715 43 32 188 28 150 32 142
24 14 663 145 36 187 30 157 30 177
36 22 1432 230 32 188 36 194 26 135
32 22 1180 21 30 180 34 153 34 177
24 32 1866 350 32 182 24 151 26 132
34 36 488 23 32 187 32 198 32 140
32 28 241 310 32 198 32 149 34 119
24 31 1074 71 40 180 34 157 32 186
32 23 944 18 48 140 30 202 46 66
30 24 763 351 49 186 32 156 30 33
32 27 1320 25 32 180 32 150 30 106
32 24 1156 358 32 189 36 199 32 250
20 24 413 13 26 179 34 151 30 223
36 26 25 17 32 183 38 158 36 177
30 26 23 364 30 192 24 161 40 132
28 26 21 22 30 180 38 177 28 192
28 26 17 360 30 198 26 155 46 133
28 34 26 22 28 190 30 154 41 174
24 28 26 21 32 165 28 206 46 138
44 28 210 351 36 167 34 146 32 170
28 26 1845 25 40 166 32 141 32 179
30 22 407 354 28 155 36 185 30 144
32 44 167 19 34 120 30 143 32 141
24 24 211 16 30 116 28 151 32 177
34 24 161 349 41 98 18 153 32 130
34 22 164 17 40 12 38 103 30 146
22 24 239 360 32 418 30 99 28 184
32 24 163 17 30 212 26 124 24 140
26 26 187 18 26 219 30 104 44 176
36 28 147 371 84 218 30 91 34 142
39 18 194 39 32 218 52 81 34 190
22 22 153 357 28 233 20 188 32 135
32 22 155 17 30 176 32 146 30 176
29 20 202 17 32 146 32 153 50 138
37 20 131 360 28 164 30 164 28 178
28 22 147 20 32 150 28 82 30 137
26 22 168 354 26 173 24 98 34 173
32 22 2070 17 34 157 30 124 1 136
30 33 475 24 26 207 35 100 34 170
24 26 147 342 30 154 20 94 32 125
32 20 147 21 24 127 34 21 32 171
32 26 192 356 32 154 28 22 24 131
26 24 181 22 33 155 30 15 32 170
30 24 155 17 26 168 34 21 28 138
20 24 194 357 30 167 28 18 28 134
28 30 149 20 28 151 24 20 34 169
34 24 160 364 30 166 36 16 30 136
22 22 177 19 28 151 30 1135 22 164
30 22 165 17 22 152 28 145 28 166
24 24 151 359 32 136 34 144 30 133
34 24 186 24 34 175 30 183 20 175
36 24 167 460 28 154 30 141 28 126
26 20 147 19 28 151 32 148 28 170
34 22 158 18 32 174 30 192 28 133
28 22 200 357 32 165 32 139 26 138
34 22 140 23 34 151 18 94 32 171
38 18 149 356 32 130 30 133 30 127
26 20 175 21 28 126 28 96 30 131
36 22 148 17 30 122 34 103 36 102
34 24 148 347 36 122 84 121 36 83
26 24 138 18 30 117 34 100 32 164
34 1 161 366 32 142 28 98 32 113
24 36 149 20 39 152 32 118 30 104
259 41 100 16 28 149 26 107 32 120
24 44 621 352 30 166 26 99 30 87
29 32 1230 25 42 142 32 98 26 105
28 24 1131 357 42 128 32 125 32 89
22 20 916 15 30 121 32 100 34 107
27 22 602 13 32 122 28 108 34 132
22 31 213 365 34 125 36 116 22 139
24 22 120 22 38 120 42 95 69 171
31 22 252 355 28 115 40 111 34 152
21 20 135 19 30 100 28 103 38 147
27 26 110 19 34 142 36 97 32 168
32 28 571 357 30 120 18 128 46 127
16 30 382 19 32 118 32 98 36 130
26 24 320 357 32 128 36 104 32 139
21 24 434 19 30 126 28 124 30 91
33 39 476 19 30 122 34 98 30 110
23 31 1365 353 34 122 36 95 32 85
22 32 945 21 26 116 26 142 30 116
29 20 1024 361 30 132 22 96 34 83
21 22 461 18 26 121 28 100 38 114
25 22 329 17 32 120 34 132 26 88
29 26 13 344 30 121 30 94 28 104
25 22 47 26 32 129 30 98 38 140
27 22 54 347 32 127 32 123 30 146
28 22 122 18 32 113 32 91 36 89
16 22 89 178 32 95 32 104 32 109
32 24 233 207 36 128 32 125 30 91
19 364 397 18 32 123 32 37 26 110
33 21 172 348 30 125 26 25 32 88
24 18 101 15 28 124 28 20 26 109
19 19 37 355 30 133 26 21 22 92
29 21 6 22 32 126 32 10 30 104
20 26 42 23 40 99 28 28 26 90
31 20 6 358 22 28 26 17 26 105
24 22 84 17 30 20 36 18 30 87
24 22 42 356 24 203 34 21 32 120
28 22 288 16 36 247 32 201 32 86
23 24 208 26 32 123 24 677 28 94
24 24 501 356 32 124 32 30 30 111
31 22 427 20 32 122 28 18 26 86
22 24 514 352 30 123 28 28 32 113
32 20 480 20 33 46 32 17 28 83
28 26 186 14 30 24 30 17 32 110
28 22 272 344 30 17 30 26 32 86
22 20 264 20 34 19 34 24 36 92
34 22 698 358 34 28 24 19 22 94
32 24 123 16 26 240 28 20 26 41
24 24 54 19 28 424 36 17 28 95
30 18 49 351 28 126 30 24 30 174
22 20 23 21 30 123 30 17 34 102
32 26 117 358 24 30 32 131 30 73
30 26 380 19 28 18 28 721 32 85
32 22 352 25 30 20 30 65 34 132
32 22 135 364 34 20 20 18 30 40
22 24 131 19 32 16 34 16 30 132
28 22 161 351 30 22 34 22 32 11
22 22 130 18 26 11 36 23 30 23
28 24 111 25 28 43 36 32 28 179
22 26 138 353 34 530 28 19 34 274
32 38 161 19 28 334 28 16 32 85
32 36 141 358 34 19 34 27 36 108
24 28 132 21 58 22 36 21 28 88
32 24 168 21 36 25 32 18 28 106
22 38 129 350 36 26 26 18 30 89
34 30 112 16 30 22 28 18 40 19
34 40 130 356 44 22 47 23 30 21
22 22 99 18 48 22 50 22 32 19
1 26 97 22 37 18 42 326 44 14
34 28 93 352 35 23 34 556 48 252
34 24 26 27 28 75 34 14 32 295
36 22 20 353 28 581 28 23 48 101
22 26 18 18 32 209 34 17 48 55
32 24 18 19 36 25 37 22 30 185
22 24 862 366 30 33 32 27 37 92
40 24 163 22 34 16 41 21 50 108
34 24 159 354 28 18 34 21 28 56
28 26 118 16 28 21 34 21 32 18
32 24 102 28 30 26 36 18 30 28
52 22 93 363 34 20 26 18 30 17
26 20 97 12 34 17 24 24 40 17
32 26 123 351 28 18 26 25 32 16
22 26 99 25 30 135 34 497 34 19
34 24 94 24 32 715 24 2157 36 18
32 20 120 80 34 31 28 148 34 18
26 24 101 20 28 21 28 194 32 720
38 20 99 18 26 18 28 152 24 142
30 30 124 20 30 19 30 148 38 210
24 22 95 23 24 16 32 199 34 31
37 20 97 18 30 29 30 151 34 18
30 26 123 19 28 18 34 150 28 21
24 26 100 16 30 17 22 152 32 22
30 26 126 20 34 19 22 198 32 15
24 18 127 22 32 22 32 151 34 21
34 24 99 22 34 234 38 151 38 23
32 28 94 24 34 720 30 176 32 17
26 24 98 18 30 129 32 2353 30 17
32 24 126 20 34 806 34 153 28 15
26 24 92 1679 30 1582 30 192 28 24
24 24 92 350 32 162 34 149 30 33
38 28 190 20 30 178 22 157 34 559
18 26 169 354 26 1992 28 196 28 226
36 20 146 20 34 722 36 148 34 190
30 24 126 23 32 1392 36 149 28 58
26 18 99 356 28 1427 30 196 52 14
32 22 102 18 30 613 32 151 30 19
36 24 137 358 30 933 30 154 28 17
24 26 100 18 28 18 30 187 30 13
36 22 91 50 40 21 34 154 30 25
28 24 132 316 28 29 20 151 32 20
24 24 96 347 26 19 24 171 28 22
34 26 99 21 28 19 28 179 30 13
24 24 122 90 28 18 26 153 30 18
32 24 101 27 30 1469 30 154 32 29
28 24 124 23 30 358 32 185 26 15
32 22 110 18 36 112 28 149 32 16
34 26 107 19 30 116 30 175 42 240
24 24 100 23 30 125 30 145 32 504
32 24 110 19 28 112 30 187 32 126
34 22 95 20 1 205 18 142 32 20
20 22 110 17 28 155 30 193 36 22
36 24 111 19 32 217 30 153 32 17
32 24 95 25 34 206 28 150 30 17
22 24 95 21 18 168 30 170 28 18
28 64 122 20 36 143 18 179 28 11
22 37 99 18 58 152 26 149 30 22
32 22 97 20 68 119 32 173 28 18
30 34 124 18 128 138 24 177 32 16
24 24 96 19 28 116 32 144 32 17
32 27 101 17 40 128 36 149 28 19
34 94 117 16 47 93 32 194 30 262
22 24 102 20 26 115 28 160 28 560
38 26 93 21 55 1113 26 142 32 21
24 56 222 19 30 365 32 191 82 26
30 24 1714 20 32 1413 24 149 88 15
24 20 818 30 24 2033 34 157 26 17
107 33 180 19 30 1953 38 199 37 17
89 24 165 20 30 1568 28 148 45 19
30 24 2320 17 34 823 34 148 26 18
45 30 188 22 56 351 34 162 46 17
26 26 158 19 24 915 26 195 34 18
28 20 153 15 24 847 22 153 24 22
31 26 184 24 24 1351 30 148 24 16
28 22 135 26 26 1840 32 186 30 301
32 22 145 16 32 435 34 141 36 707
20 22 185 2883 36 1635 28 142 28 52
30 28 152 1098 30 573 24 172 32 17
32 24 141 27 30 859 28 103 32 13
22 18 190 15 28 1401 30 96 38 23
36 26 149 26 32 194 28 121 28 22
30 28 148 18 36 271 28 88 30 16
24 26 196 20 30 1014 20 189 26 14
34 24 148 23 30 1319 36 158 34 20
24 26 149 20 32 180 28 208 38 23
34 22 149 219 24 109 30 158 32 17
34 24 193 18 28 1 28 166 42 14
24 24 162 20 30 1 6 209 36 21
34 24 122 22 30 123 5 157 36 17
32 24 154 22 24 124 66 163 32 16
22 24 34 20 34 122 65 192 30 278
34 26 28 20 30 123 6 142 28 565
22 24 19 18 28 46 1 146 34 26
34 24 30 24 24 24 28 183 32 17
32 24 19 23 24 17 22 122 36 22
34 26 25 17 30 19 32 181 38 21
30 22 19 20 28 28 28 160 32 17
28 26 21 18 28 240 30 152 28 16
34 24 18 25 32 424 34 189 34 15
34 22 19 19 30 126 32 142 36 27
32 24 15 19 30 123 24 141 28 19
36 20 22 17 28 30 24 176 32 15
24 24 45 20 30 18 32 155 34 15
36 26 22 21 32 20 18 145 34 23
36 24 15 48 32 20 28 143 34 26
26 18 13 19 32 16 24 182 36 290
32 22 19 17 34 22 30 148 34 237
16 26 28 20 36 11 24 143 28 189
30 20 33 22 28 43 29 179 36 253
34 26 1 21 24 530 22 147 44 216
24 22 1 21 30 334 34 143 40 17
32 24 21 21 30 19 30 185 32 26
32 26 18 20 34 22 26 145 34 18
22 28 19 21 30 25 36 146 34 17
38 1 15 19 34 26 29 182 34 20
26 18 22 17 30 22 22 142 34 20
32 24 45 17 28 22 34 141 32 18
38 22 22 2133 34 22 30 190 36 14
16 30 15 22 30 18 26 142 22 103
48 45 13 16 28 20 36 116 38 716
26 28 19 18 36 11 22 121 36 23
