3 26 2 8 23 8 8 6 1 3
14 19 6 3 2 10 1 5 8 3
114 6 4 3 1 8 8 3 6 19
21 10 6 2 40 15 11 4 3 3
5 7 8 6 8 5 16 3 3 3
6 9 16 9 21 8 43 5 4 2
5 10 7 2 2 2 29 7 13 2
6 1 9 12 4 4 20 1 10 2
9 2 12 3 15 5 537 5 13 5
8 2 2 2 1 2 619 4 3 5
5 4 4 2 2 4 37 7 5 2
1 6 3 5 4 4 9 4 30 8
5 2 2 6 2 6 309 13 2 8
6 4 3 4 35 565 9 2 6 37
6 6 13 1 7 5047 296 3 4 1
2 4 2 6 9 5046 3470 2 5 4
7 4 2 8 10 23 2698 1 7 2
7 73 2 9 5 2 9 7 4 5
12 2 8 8 8 9 7 4 6 6
9 5 6 18 3 5 3 4 4 9
24 10 4 53 2 9 43 2 4 60
3 12 6 3 7 13 18 3 3 22
4 4 6 3 4 6 27 5 2 12
4 11 5 4 7 3 53 12 5 28
2 5 2 9 2 1 2 28 11 4
12 11 4 1 5 9 7 7 6 14
5 6 5 6 28 6 2 3 23 7
6 8 4 2 49 3 8 4 4 8
3 1 6 23 26 3 11 4 2 3
2 5 7 10 3 6 23 5 8 3
10 2 6 10 1 2 14 15 5 3
15 1 12 9 3 2 20 1 10 4
4 2 10 37 5 7 7 1 5 12
4 2 4 2 4 6 3 4 2 24
12 5 24 2 4 17 6 4 1 10
15 7 6 4 7 2 4 15 9 12
4 2 2 2 9 5 7 3 8 6
4 6 12 6 13 8 2 10 6 9
6 6 1 3 3 4 2 3 9 8
4 12 2 11 2 2 5 3 4 4
10 8 4 8 9 3 3 9 2 2
5 4 3 1 22 2 4 2 3 4
2 3 2 2 3 4 11 6 1 7
21 2 5 3 5 2 10 10 4 11
2 3 10 8 6 5 12 5 10 1
6 5 5 6 11 13 8 3 9 6
2 2 4 2 7 4 8 2 8 4
5 3 5 4 3 6 6 2 4 15
4 2 4 2 26 5 4 2 2 2
5 4 189 2 2 3 5 2 3 17
4 7 5 2 3 3 15 10 9 2
4 7 9 373 6 6 2 2 11 4
31 3 2 1733 2 2 2 4 4 6
5 2 5 2675 2 9 4 2 9 3
8 2 2 4 5 62 11 7 4 20
2 3 8 6 7 3 9 6 8 2
7 2 4 5 5 20 66 2 2 1
14 4 8 4 2 7 6 2 17 6
16 3 5 4 3 1 2 4 11 4
2 3 12 6 4 5 44 11 6 3
9 10 12 4 7 2 4 13 8 4
29 6 1 4 6 2 6 9 23 2
4 9 12 19 8 2 5 9 3 12
6 2 8 2 7 4 5 4 3 3
5 5 6 4 10 14 9 10 6 3
10 3 7 2 1355 10 6 2 1 7
6 10 6 5 3082 8 2 9 2 2
4 3 10 36 3233 2 5 4 4 4
4 9 4 6 128 8 2 6 17 8
2 10 4 4 4 5 2 5 8 12
3 7 6 9 8 3 2 10 2 3
3 15 7 4 4 8 14 1 1 2
2 2 10 4 3 7 10 5 8 7
2 1 7 10 9 2 14 12 2 31
1 2 7 4 16 2 13 13 7 6
6 4 4 4 11 2 7 9 1 4
19 9 3 2 8 2 8 3 2 7
3 3 12 29 7 6 3 6 5 10
9 2 10 7 7 2 2 2 2 77
6 9 9 6 5 8 13 4 2 2
2 1 2 4 3 4 9 6 3 11
5 33 4 3 26 3 2 2 3 8
4 8 2 2 10 2 2 6 6 11
2 5 4 9 11 12 4 8 9 4
4 7 8 1 4 13 4 17 2 2
2 17 4 7 5 5 5 5 6 3
2 4 6 29 12 17 5 5 16 2
13 2 12 5 7 4 8 2 9 6
4 2 5 5 7 52 2 9 2 10
7 5 34 4 1 9 4 10 4 7
1 3 2 4 12 4 5 2 6 3
7 3 4 3 11 7 2 5 3 2
8 6 4 3 5 7 2 8 1 4
6 5 5 2 5 46 4 13 7 5
1 3 6 10 6 2 4 4 3 5
2 5 2 3 5 4 13 4 15 2
4 6 4 7 9 2 11 15 2 8
2 2 6 11 9 3 13 6 2 8
1 2 12 5 2 4 1 1 2 5
4 18 2 8 14 6 4 2 2 2
3 2 9 9 4 21 8 9 13 8
4 1 1 13 1 6 16 8 7 8
7 3 2 7 5 15 2 14 9 10
2 2 9 4 4 3 11 28 16 9
8 14 3 2 2 6 2 14 1 5
6 6 11 1 15 2 10 7 1 11
10 4 12 3 37 9 4 11 9 5
3 4 5 34 11 16 3 14 9 11
2 8 3 8 20 3 2 100 8 6
8 10 5 7 8 2 2 6 1 8
10 7 9 11 2 2 10 2 2 4
5 7 1 7 9 2 12 4 1 5
6 3 7 3 2 7 12 5 1 4
8 1 9 7 2 3 11 3 2 6
2 4 11 3 6 8 11 2 7 5
2 16 2 3 2 1 5 5 10 1
9 16 3 3 1 4 1 26 9 8
9 7 3 8 4 5 8 36 4 3
26 3 5 1 6 2 2 6 5 3
27 4 9 4 7 2 4 4 7 5
3 7 5 2 15 4 2 6 8 2
9 6 4 11 2 3 5 7 2 5
20 13 15 2 4 2 13 17 3 25
11 8 2 4 7 2 1 5 1 5
2 4 5 3 2 3 1 6 4 8
2 4 8 22 4 2 9 13 1 5
1 5 3 2 5 8 6 2346 1 5
6 3 2 11 1 4 2 1263 5 7
10 1 26 8 2 1 16 6 4 3
6 4 4 50 2 8 9 7 6 1
19 2 5 17 13 11 5 7 4 11
7 4 6 7 6 11 1 4 5 42
5 4 4 6 7 3 6 5 5 2
7 3 6 4 3 2 2 2 6 11
3 1 8 5 2 17 2 7 1 7
4 2 4 2 2 6 5 35 6 10
2 5 5 6 2 7 18 6 4 7
10 11 5 1 9 5 2 6 7 6
7 10 22 3 12 3 6 4 6 3
7 6 5 5 5 9 18 2 5 5
9 1 3 2 7 2 2 2 3 15
4 6 4 5 5 6 10 11 1 5
2 4 11 5 2 30 21 8 1 6
6 7 5 16 12 8 9 7 3 4
2 2 2 3 6 23 3 10 41 10
11 2 9 2 4 2 3 6 3 3
3 2 3 4 5 4 11 19 9 10
5 3 5 9 6 2 10 9 2 6
8 2 2 2 7 4 2 8 3 5
3 4 4 8 8 2 2 2 5 9
28 6 2 1 7 5 2 12 4 6
2 7 13 11 2 2 2 21 3 9
13 5 6 1 43 24 8 4 20 7
3 5 4 11 7 4 8 7 37 8
1 5 10 4 5 2 15 4 18 9
6 13 13 3 4 2 10 6 3 2
2 8 13 3 2 4 13 8 11 4
4 1 8 7 7 5 23 8 11 4
3 1 3 9 3 6 3 7 3 8
2 29 5 3 6 4 2 2 11 15
6 17 9 6 2 3 72 12 12 10
4 3 2 3 5 4 149 8 7 10
4 16 3 4 22 4 33 6 6 2
4 8 6 5 5 6 7 6 3 3
3 4 2 2 7 9 6 7 71 9
7 5 4 9 5 6 2 3 4 22
8 1 17 2 5 7 4 6 6 3
5 9 2 2 4 5 6 6 6 10
11 7 9 4 6 736 2 3 1 4
8 3 11 6 8 3282 16 4 7 15
2 8 5 3 4 367 8 12 1 3
8 4 5 3 6 2 9 16 7 8
5 5 4 2 11 32 21 9 6 2
8 24 8 5 3 7 8 12 74 3
2 5 8 1 1 9 3 1 2791 18
2 5 34 2 6 8 15 4 3326 5
18 6 11 4 2 2 13 2 2776 1
4 4 6 25 8 15 9 3 4 1
5 3 5 14 14 7 5 7 3 13
7 3 4 2 2 7 21 4 7 5
5 756 2 9 4 2 19 9 8 3
6 2931 6 6 2 3 8 5 5 7
3 3021 4 3 3 7 11 2 7 2
2 2420 2 170 4 8 4 3 6 16
2 1 2 2225 4 3 2 2 6 2
2 2 3 82 10 1 2 2 2 15
4 7 2 2357 28 7 4 4 1 4
4 3 4 10 6 19 5 6 7 3
4 7 2 13 2 7 8 12 5 10
21 32 4 23 9 7 12 1 5 7
2 7 2 4 11 1 7 6 28 3
4 8 2 4 112 5 4 9 4 25
6 10 4 9 7 14 2 4 24 3
3 6 4 10 7 6 6 9 2 6
8 4 2 10 2 6 8 4 2 9
5 5 5 8 7 4 6 1 12 7
5 2 2 2 9 2 1 17 19 20
7 7 2 5 3 2 6 4 117 3
9 9 2 4 6 2 4 2 13 5
3 4 7 5 8 3 4 6 24 5
6 26 7 10 4 37 18 10 3 9
2 6 4 11 6 9 14 11 4 8
10 5 7 9 7 9 7 24 12 4
4 5 1 6 5 9 5 19 1 5
3 5 2 4 2 7 56 3 4 11
2 6 2 5 2 3 5 33 4 8
6 6 9 12 5 9 8 2 7 8
5 1 7 2 5 5 4 2 2 4
7 7 2 4 3 6 2 1 6 13
5 4 2 3 5 2 3 7 7 4
6 3 6 7 6 6 11 10 1 9
481 6 27 38 12 4 10 2 3 6
3281 5 9 6 11 2 2 14 4 2
1181 3 4 7 8 1 6 9 1 3
4 6 2 2 12 4 2 3 9 2
21 7 6 14 5 7 4 2 6 14
6 5 4 5 2 3 3 4 7 21
9 3 9 7 8 18 4 7 8 2
5 4 4 4 11 6 11 1 2 11
12 9 5 4 5 4 7 16 6 6
3 13 4 4 10 7 2 6 14 3
19 96 10 2 8 13 2 2 4 8
13 82 4 1 5 3 3 10 4 3
10 4 15 3 12 9 3 22 2 5
2 8 8 3 5 2 5 6 11 3
5 12 13 6 5 4 3 9 12 3
3 33 7 10 7 6 6 11 2 3
5 8 5 4 5 5 8 13 11 2
2 3 2 7 6 6 4 5 3 21
6 1 1 3 2 4 4 9 8 6
3 4 2 6 3 10 8 5 3 5
6 2 4 20 2 8 13 12 3 2
3 4 5 4 16 1 8 3 12 6
6 9 12 2 38 8 5 9 7 2
8 3 1 2 7 6 3 4 1 8
2 5 4 3 5 1 13 15 6 4
1 5 21 10 8 1 9 2 1 5
4 3 4 6 2 7 2 5 25 8
5 7 2 5 6 3 6 2 11 12
7 3 4 10 4 2 9 2 4 5
4 7 3 12 7 6 5 7 6 1
12 4 4 3 5 2 4 8 3 2
2 1 2 10 1 4 4 9 1 6
4 4 6 4 9 10 16 2 4 1
6 3 8 24 4 18 22 3 21 6
56 16 6 12 8 3 9 7 31 2
25 1 4 5 3 8 3 2 4 3
16 5 9 4 4 8 2 3 5 7
4 3 9 7 14 9 4 5 4 6
15 6 12 11 10 4 3 9 12 2
5 4 6 9 7 2 3 4 4 3
13 15 6 2 16 4 5 1 7 15
2 13 2 2 36 31 11 13 1 12
8 4 5 7 7 2 7 4 8 11
2 17 6 12 4 6 5 9 14 86
1 1 17 2 9 9 1 5 3 2981
21 7 6 4 7 4 2 3 5 2377
2 5 1 2 2 2 11 6 17 1638
4 10 2 9 3 1 17 26 1 4
4 5 10 10 3 4 3 7 7 5
2 5 5 4 2 7 3 6 1 22
3 2 2 5 2 3 17 2 7 2
2 10 5 1 2 2 6 7 7 4
7 24 16 7 8 8 10 7 3 2
6 2 4 2 11 7 8 15 2 4
5 9 5 4 8 3 10 8 6 9
18 5 37 1 5 3 4 9 3 10
5 2 8 17 2 6 6 6 2 14
9 5 2 4 2 20 12 2 3 5
8 52 2 2 4 8 21 4 3 28
6 20 9 2 11 6 7 5 6 5
8 2 2 2 6 11 6 14 12 2
5 6 3 2 6 3 2 2 10 5
12 2 6 2 27 10 3 2 4 5
3 6 4 8 2 12 2 8 16 7
5 1 7 3 2 7 2 11 2 8
4 6 7 6 6 5 10 9 9 11
2 2 11 1 5 1 5 2 4 32
5 4 3 3 3 4 10 6 5 1
16 3 2 5 13 6 7 4 12 4
2 4 5 5 4 3 2 14 15 6
13 2 4 8 2 8 9 2 11 8
7 3 7 4 4 10 11 4 3 18
8 1 4 32 4 2 21 17 8 5
6 9 1 4 4 2 5 15 11 4
6 5 4 5 3 3 13 6 3 1
15 4 3 2 3 4 13 5 4 2
7 8 6 5 8 6 41 7 9 8
6 5 5 6 2 2 2 10 8 4
7 4 5 6 5 5 5 9 6 5
3 4 5 26 5 7 8 2 7 7
9 5 3 4 5 2 3 6 4 7
4 3 6 6 8 5 7 11 1 2
4 4 37 15 2 2 1 8 2 3
6 5 13 96 9 5 10 4 1 6
15 3 6 6 6 1 4 3 2 15
11 4 10 3 934 2 5 9 4 6
5 5 11 4 3376 1 2 4 8 5
4 29 4 2 595 3 6 4 6 12
8 4 6 1 3 16 2 1 29 3
