7 2124 96 1710 3 5 2569 4260 835 198 42 970 96 196 1129 602 750 746 2107 210
50 2417 1033 172 777 9 3711 4309 4348 2897 798 3704 1269 730 328 908 153 1458 2148 335
2519 3341 1732 7 2926 203 3071 4336 616 1159 3559 1742 1799 1930 1 1 219 1435 2464 341
3130 2 1857 1840 2816 529 3196 4612 4 231 2734 40 580 2185 5 2 95 2295 2 205
2824 11 1463 199 12 337 3402 2975 84 8 4 4 209 1774 9 2 122 1699 1446 312
1371 9 1614 1958 171 324 3593 100 1093 5 13 1649 215 3254 910 433 76 280 584 280
2140 4 930 7 16 2332 3363 1836 942 98 1948 339 170 368 216 12 188 13 4 688
313 14 10 973 18 3116 3132 7 6 505 3 4 131 2 12 17 261 6 4 241
9 1577 5 1044 6 1656 2 8 6 1450 2 11 212 1163 13 2109 177 6 1338 442
7 1245 1 595 302 398 1390 720 3 3 364 5 185 1047 1468 4 153 11 1223 974
6 2 7 1814 1757 1489 347 1511 152 12 1692 383 245 154 379 2 488 1524 4 5
1970 6 25 106 9 1141 5 12 248 4 444 35 232 1 2 2 779 478 1991 10
189 12 13 7 19 1298 2 16 1810 2068 11 5 193 3 65 2 1944 4 3 2235
682 2 2 780 566 1521 10 2274 9 4 1 3 256 7 8 2 1449 8 5 2
1392 840 483 1218 9 2 3 4 32 8 1 5 208 16 4 2377 1112 1585 2139 4
11 1412 27 15 7 4 2 11 2 7 2051 880 239 290 6 3 188 477 263 376
638 4 1742 7 10 8 2 22 5 1649 205 1038 173 72 12 2 3 5 2 3
1710 481 544 225 6 9 612 1851 3 553 5 4 598 39 2206 184 9 1 6 1
4 9 9 2144 5 2356 1721 6 3 2 1 2 167 242 1 288 6 9 359 3
5 9 11 2 11 1380 4 807 872 536 505 1 308 238 3 6 101 790 2408 3
2 12 479 10 6 925 7 1747 1840 4 1072 377 266 434 13 6 371 602 5 4
2246 910 3 594 11 9 3 8 10 3 1201 4 143 1451 5 177 348 247 2 921
3 1080 2 1 2502 1312 6 6 36 2 1 870 237 1079 18 2185 493 215 8 826
5 18 2 233 15 890 8 5 2 6 1144 1336 214 1236 16 1 262 693 2135 218
1432 2 1810 162 10 4 2 2301 34 3 569 4 198 13 17 2 238 427 2 576
8 14 469 1959 4 1503 4 29 2 5 4 4 240 362 6 859 413 898 682 1
1417 8 2 1 12 6 1618 4 2 5 2 7 275 8 2 8 362 247 1445 1
596 2057 1 9 6 56 129 4 5 2120 2 4 284 999 6 10 189 211 2 10
1 6 6 1418 5 2078 2 2 2 3 5 4 304 1353 416 1550 143 247 383 2
1385 6 5 679 11 7 2 2347 6 2 18 402 262 2 5 758 2 292 4 2
500 12 4 1 7 2025 3 8 2611 556 2027 5 181 1 846 2 7 73 8 1
4 8 4 3 2 8 3 1757 5 1 2 2219 221 1 6 437 2 214 5 10
1575 1 454 100 457 2433 1 560 3 1865 399 7 190 32 17 4 1 197 2099 310
634 725 14 266 5 7 3 3 1 162 1849 6 216 550 9 3 2 201 1410 133
6 1260 7 2037 4 125 7 11 2 1 412 4 250 273 6 10 6 298 77 31
6 3 5 12 4 1346 7 2286 4 4 1 4 266 321 5 4 2 372 4 6
2 498 2 2 2272 5 576 4 1 4 2143 4 201 991 5 6 2 1393 4 35
1 3 22 2 6 1 1469 2293 6 2 351 339 297 151 3 1135 236 2 5 1
2243 1 2236 1377 7 3 6 4 176 2 2 8 246 257 3 1138 192 6 398 7
7 8 20 114 9 131 7 9 778 2 5 3 125 443 2 7 53 3 2 20
4 6 4 87 6 2094 1 4 1 2401 2303 3 286 1125 8 3 243 633 2 404
9 13 2 169 11 3 3 2186 4 1 2 5 217 8 9 1 363 320 2 2
5 40 13 164 9 8 4 21 7 538 2 6 284 5 24 3 247 1086 5 2
8 285 4 231 460 401 4 1574 9 33 2 13 498 1739 4 1 233 729 1788 2
12 1606 467 168 4 2 2 1050 14 1 2091 19 504 1 3 432 510 7 4 3
3 286 10 433 7 2 1973 2 17 3 365 14 207 1 9 4 209 3 4 9
11 7 5 615 14 4 8 4 1 2392 3 7 271 203 7 950 101 9 3 347
558 1674 5 498 7 5 4 2299 1 19 959 4 245 188 4 1207 38 2 2 230
1656 601 2 472 793 5 4 4 1 2300 1188 2 241 85 4 148 86 1618 2 175
8 7 2 277 1347 244 4 1806 1 1 3 1 197 196 5 13 180 625 2 319
347 11 2 236 9 1320 4 402 3 2 3 4 278 161 3 430 291 7 53 223
8 499 11 260 7 1 2 4 6 2144 475 9 160 299 7 408 980 5 11 268
5 8 2 180 410 2 5 8 2 549 3 1 268 226 14 4 324 422 6 187
4 1 471 443 5 2 1339 2315 1 2 10 2 212 340 10 4 327 3 1605 213
4 2 1639 953 12 6 1244 24 9 5 1816 4 114 319 7 2 270 4 295 277
4 2 286 1251 7 119 7 4 2 2088 2 2 164 763 3 3 147 227 47 208
4 6 9 830 8 1766 6 1639 2 2 2 2 191 250 8 2 62 394 386 323
2 3 5 945 10 2 4 585 2 5 2 2 36 346 7 4 55 184 4 272
4 1 5 1004 5 4 5 4 8 4 2128 2 2 221 23 1564 137 294 2 90
2399 2 2 374 10 9 8 9 1 2028 3 4 452 439 9 830 256 310 7 1
12 6 485 36 7 4 5 1513 1 3 23 5 284 768 10 12 486 187 6 35
2 4 43 70 10 8 5 4 1 4 3 2 240 1805 4 3 251 175 6 183
7 2 10 117 428 3 604 330 15 401 10 4 194 2 10 422 487 252 10 273
6 6 1649 102 9 1 949 6 1 813 1897 4 150 1849 18 9 375 209 2 547
1 1 469 114 11 6 2 1931 1 949 157 8 160 637 6 3 213 301 2247 263
7 6 5 176 4 1676 6 4 2 2 362 10 202 24 4 5 264 216 4 219
4 3 7 171 14 3 6 2 10 5 4 3 113 1 15 617 408 146 18 189
1517 2191 2 172 2089 78 4 388 6 5 1 8 182 9 4 659 531 188 10 256
871 2 13 109 157 337 2 1733 12 2 9 2 207 124 9 301 220 226 1 193
4 2 3 171 2 5 2365 11 2 7 1 1 290 353 7 637 252 804 1 164
2 1 6 135 8 9 6 3 10 3 1018 9 486 234 9 3 243 1883 4 141
323 463 2 144 23 3 2 7 5 5 767 8 207 233 12 314 126 409 5 124
2 5 326 379 5 6 2 436 5 1738 1 6 198 191 8 131 141 2 6 1
504 6 2 315 423 6 8 989 21 2 3 7 238 198 14 178 318 8 2227 1
1623 2 3 691 10 7 2 909 60 2 435 8 227 314 4 167 148 8 14 433
4 13 1237 838 12 1364 8 29 2 380 2020 8 283 197 7 2 186 658 1 2
6 9 699 359 12 935 2 1768 18 2 2 8 237 290 3 12 123 1367 7 1
7 5 10 348 6 12 2218 532 1 2 3 1 216 58 1 7 198 4 337 2
747 6 357 324 8 6 4 2 11 16 1 2 249 15 4 3 380 2 2 2
1100 3 2 286 13 12 7 6 8 6 3 7 192 10 9 248 148 1 4 3
6 6 1 498 7 5 3 1 2 1791 1 10 289 299 14 452 109 2 6 1
5 9 5 151 18 5 2 1498 12 27 957 4 211 1980 25 448 121 10 8 13
4 584 493 366 25 2 4 375 1 362 1117 16 235 4 1 591 114 402 1356 4
5 1551 1 262 434 2299 3 664 5 1522 2 6 174 1 2 233 157 722 6 10
4 9 1 302 5 3 1885 1590 4 625 2 25 179 196 6 4 156 323 2 2
3 10 1 126 4 2 3 10 1 11 5 22 269 122 10 2 172 311 4 1
8 1 2 140 8 1 1 16 1 11 1 5 171 53 6 2 457 436 4 27
3 2 1952 174 2052 6 5 16 5 1111 1 4 212 8 14 456 331 4 573 1
1940 6 1 215 2 4 2 1542 10 1084 3 8 344 1 17 2 815 7 802 1
2 2 4 151 6 406 6 730 2 3 5 2 288 3 3 16 226 2 2 5
8 3 4 297 3 4 5 1 1 1 14 7 202 3 10 5 362 4 6 1
1 4 8 496 7 2169 1333 2 8 5 1981 6 258 637 6 876 144 492 2 1
4 1 8 452 6 4 1271 1773 3 4 4 5 222 1587 2 954 156 1379 2244 1
1 4 8 144 442 9 2 490 1 527 1 6 172 2 75 13 129 81 2 7
10 1 1 185 4 12 2 4 1 1274 1 5 276 4 29 41 141 4 358 1
8 2 11 236 5 2 1 4 6 798 1 4 616 1 2 8 213 2 7 1
4 6 2 471 5 5 4 2 1 3 1 4 302 374 13 164 168 4 4 1
3 1526 5 135 6 2302 4 919 2 3 369 7 202 2 20 1037 162 8 2 1
1424 1 234 51 3 5 5 1308 8 1 2 3 228 63 4 2224 259 6 6 1
353 2 5 567 12 3 2216 2 5 3 988 4 300 265 3 3061 295 5 5 1
5 4 2 553 1860 6 10 16 63 3 381 4 291 180 12 1698 108 67 1694 6
330 469 12 739 7 4 6 4 4 3 1 7 271 78 3 197 168 327 3 3
6 1 482 2 6 10 493 1656 163 4 1 2 229 182 3 36 87 2 5 9
4 6 1 10 3 4 1690 801 2 36 3 2 296 179 4 9 135 4 2 1
7 8 6 529 2 3 6 619 4 1 996 8 285 225 7 2 201 3 4 1
2 9 2077 352 5 99 7 1517 1 1 857 8 251 165 4 2 405 6 2310 1
7 3 7 363 3 1583 618 7 35 1 2 15 300 324 16 436 135 10 15 4
7 772 65 22 4 8 1234 1671 16 2076 1 2 171 358 5 23 259 15 9 2
3 783 6 3 4 2 8 481 2 1 7 6 321 654 7 315 227 6 6 3
5 5 7 25 3 2 6 2 2 1 1 4 287 1526 6 1439 182 2 2 3
1 4 5 424 415 371 1698 11 1 1 362 3 159 4 5 366 144 1117 2 2
3 4 312 463 6 11 562 1650 1 523 1 5 325 2 9 17 184 310 2 1
5 3 23 2 4 13 351 1907 1 13 1 2 162 3 25 2 157 73 1945 1
1603 5 2 480 380 7 2 313 21 2 2221 242 309 4 10 214 150 3 5 2
663 2 8 535 3 4 6 4 2 8 3 2 266 177 5 1047 214 5 4 2
4 2 4 27 2 5 1991 6 9 4 10 3020 243 202 16 1572 189 240 322 92
18 6 1923 653 8 4 219 1416 4 961 16 2 203 12 13 10 249 164 5 4
1898 2049 10 579 6 4 1 117 1 1137 1 10 227 227 5 3 99 3 2243 3
2 2 5 134 2 153 541 2067 2 10 1625 3 296 163 8 170 278 15 2 1
2 7 4 10 8 1898 1649 30 4 28 7 12 198 221 9 9 325 8 2 3
8 2 351 43 4 3 4 340 1 1 2 5 209 231 4 436 239 17 5 12
6 4 2 373 2 384 4 597 4 1 2 11 290 206 2 7 228 2 6 2
2 4 2 255 4 2 5 1663 1 1 3 5 210 341 7 16 158 9 4 4
1 2 14 307 6 4 1411 11 1 1 5 532 159 210 3 1970 157 12 4 1
1545 6 2 504 2 13 722 8 4 2 335 11 223 250 4 7 180 121 2 1
1 1707 1714 392 6 16 5 1773 5 2127 1663 1 475 199 4 929 198 252 1465 5
191 9 697 1 1711 10 3 211 1 3 10 11 448 309 3 3 174 262 821 1
4 23 144 1 4 6 3 4 1 4 2 4 197 1988 7 441 219 139 4 3
1937 13 2 176 10 22 2013 2074 1 2177 8 14 305 2 11 633 195 209 10 2
4 1 390 475 4 2082 320 3 1 4 3 14 196 4 6 3 315 287 2 5
2 3 1601 183 10 4 5 8 5 3 2 8 201 4 5 2 227 295 1 4
4 2 451 1 2 10 4 1325 1 3 940 9 290 115 11 2 154 299 319 1
6 5 2 1 5 4 3 2138 2 5 677 6 227 88 6 16 183 214 2 2
551 10 367 354 4 8 724 9 2 468 4 10 103 155 7 2 212 128 5 2
6 3 7 535 3 6 1419 10 3 1543 1 4 237 189 18 456 397 9 4 1
9 1918 2 432 6 5 1 2049 1 452 2 4 150 291 6 2283 305 216 4 19
12 5 8 19 9 5 1 265 5 1 3 4 215 280 8 195 316 289 1370 1
2 1 1 59 4 5 641 9 9 2 1 4 282 333 12 2 359 265 4 21
2 484 6 812 3 2 1421 2374 1 1308 391 7 283 452 9 28 280 230 4 18
2 2 2 60 2027 1812 2 17 1 2 2166 6 226 435 4 5 239 205 2 4
2 6 353 663 4 4 1 374 1 5 93 2 270 10 7 446 192 371 6 4
10 3 2099 193 9 2 1219 2265 1 477 1 3 216 3 2 409 254 293 6 1
6 5 2 63 2 133 951 1 3 8 2 3 146 15 6 1392 219 216 2150 1
3 6 2 747 6 226 4 1 1 586 4 1344 272 7 4 765 111 471 2 1
2 237 10 510 4 9 6 2 1 1583 1856 1192 286 2403 2 398 198 43 5 3
4 1687 4 415 2 9 2 2247 2 13 4 5 1 4 4 4 325 1402 343 3
4 6 2 23 2 3 1960 6 1 1 1 16 171 3 6 2378 208 157 2 1
6 14 5 60 1 6 7 4 2 2216 379 13 297 5 1 556 228 7 2 1
2 13 8 366 6 8 1 2 1 3 1633 3 201 130 11 1007 256 2 5 17
7 10 457 830 775 2191 4 1939 7 542 3 3 161 231 16 994 193 1 2 95
2 4 11 756 2 5 5 23 10 1 7 2 191 24 7 23 148 2 9 640
4 6 2 61 2 6 1207 160 2 2 3 5 362 4 7 2 222 2 1607 299
6 5 5 12 7 2 246 2115 1 2 3 3 190 1 7 4 275 2 562 208
2 5 13 2 4 4 4 7 8 2 474 8 144 2 6 1 430 10 2 118
14 1506 772 253 6 5 2 11 3 13 3 5 187 1 2 121 281 4 7 695
6 452 1363 470 2 8 2 4 4 1594 1955 2 221 74 7 322 18 1362 4 386
6 10 5 533 2 4 538 2238 2 2 1 4 271 2343 9 453 89 1040 4 290
2 432 1 520 4 36 1953 1 2 1 2 6 267 12 6 219 463 13 6 214
5 6 1 111 4 256 2 159 1 1 4 6 167 1 4 288 19 2 4 20
6 2 459 396 7 1391 9 2114 1 1 1 3 255 7 2 276 1437 6 6 6
2 5 1 1536 7 5 6 2 6 1 1 2 261 5 3 500 10 4 2 90
2 10 2 399 5 4 4 1807 3 5 1 6 327 1 4 341 2 4 1539 1
2 7 8 470 6 5 2201 692 1 5 1 2 798 76 1 14 3 4 139 7
9 501 3 424 4 4 8 2 5 13 616 4 1098 163 2 72 2 2 3 122
12 1574 2 512 6 4 9 1481 5 1 1092 3 329 204 3 318 2 704 41 5
6 9 1 79 2 56 34 170 2 2 338 4 979 255 9 210 10 1012 2 1
4 3 6 2 9 1770 4 529 12 5 8 4 446 261 6 255 2 4 312 1
4 6 1988 573 2 4 1684 1672 5 1 7 1 268 244 2 288 1 4 523 1
10 6 580 480 1 7 2 8 1 1766 1 4 432 211 3 308 1 60 1074 4
9 5 2 382 2217 6 2 1612 5 1 1 2 433 304 6 242 4 16 9 3
13 3 2 337 6 67 3 5 13 1 624 5 327 377 9 354 48 2 644 2
2 13 445 50 8 1295 1 1757 16 1 873 7 490 535 3 747 73 2 905 2
7 24 3 348 3 2 2 320 30 1 2 8 745 3 27 113 5 4 6 1
4 1329 7 2 4 7 4 1 6 1 3 9 325 113 17 1346 7 2 5 1
31 82 2095 1 4 2 2044 6 1 2 1 4 176 1703 62 353 2 400 3 2
2 2 4 578 1 1335 355 3 4 501 431 4 271 4 9 2 2 2 5 1
5 451 2 538 1 135 1 5 5 4 1 2 181 6 29 4 2 20 4 3
4 1859 1 521 40 2 7 2 2 1497 1506 8 157 11 6 591 8 6 6 1
3 10 338 138 4 16 4 4 14 452 2 8 266 9 9 2 9 2 4 8
1 9 3 3 6 82 6 8 3 2 4 2 231 7 4 12 2 6 3 2
25 5 2 2 754 1735 7 17 9 1 2 6 428 4 2 2234 13 1303 3 8
17 8 12 122 4 5 3 6 2 1 1 9 153 2 6 2 2 680 1957 4
7 6 12 488 2 8 5 11 1 2 3 7 10 1 32 2 36 2 1 1
6 6 479 370 4 6 1359 2 2 1129 910 3 4 36 11 2 97 10 6 5
4 9 1772 563 3 9 2 2 2 119 682 2 2 182 4 12 7 24 4 1
3 13 864 123 2 2060 2 2 1 8 1 4 1 211 4 65 222 15 6 2
2 2089 472 217 3 10 4 6 6 4 3 2 155 238 3 2 65 8 3 5
6 226 101 333 8 4 2166 4 10 6 4 7 1082 224 7 608 2 4 7 1
2 3 640 511 3 2 3 4 12 1 7 3 270 284 4 1537 2 4 2 4
4 2 224 480 2 8 1244 1 32 2 3 9 2 299 2 12 2 4 2 1
6 8 23 2 12 8 901 4 1 218 2 10 12 302 4 2 41 400 2 3
7 5 2 210 5 10 407 4 1 118 2 6 189 4 6 3 3 2 1221 13
4 8 1 608 4 10 5 4 1 27 2205 8 1 92 9 1548 68 2 893 1
4 9 1 127 3 5 1469 19 1 4 29 4 3 1671 2 435 40 7 12 3
3 2 18 291 6 2190 7 9 1 36 2 2 2 25 3 3 2 1256 379 2
9 4 5 590 4 6 2202 5 1 170 7 7 2 502 12 2 2 1081 12 1
9 2 2 327 6 5 3 7 1 176 1 4 1 1 4 989 177 4 2 1
1 9 221 33 2 362 3 4 1 257 1553 2 2 1 4 2 992 5 4 1
4 8 162 762 481 6 4 11 1 216 1 11 1 4 7 4 2 11 15 177
5 723 92 474 1678 4 2121 41 7 6 1 6 1 2 6 1756 22 11 4 60
4 1 10 332 2 6 1 3 2 3 1006 4 4 78 4 366 2 8 3 102
6 2 7 322 4 10 4 2 4 188 10 2 1 150 14 2 2 8 4 17
10 2 2 2 8 6 1623 14 5 100 1 5 3 200 4 7 2 4 8 1
1 8 3 1 4 556 4 2 1 1 345 8 12 313 2 363 110 10 1964 1
11 2 92 1 3 1277 6 2 1 9 1 4 7 392 2 457 852 298 13 137
6 4 2579 203 2 5 5 6 1 6 4 6 3 485 7 19 1309 6 3 93
8 4 1729 477 2 8 4 4 1 2 1 631 3 574 4 710 628 13 5 302
2 4 8 476 559 1 4 4 2 4 183 2 1 1 6 1 352 4 4 173
1 3 7 440 262 1 2 3 1 13 47 16 4 5 32 2 330 6 4 154
6 12 43 194 4 4 4 4 6 1024 18 2 4 4 9 2 313 7 3 19
5 18 150 332 4 12 917 2 2 1 2 31 1 1140 11 23 689 4 2 1
4 5 293 83 7 1583 1485 3 2 2 1 6 4 519 2 958 2 2 2 228
2 2 1956 3 6 9 1 9 2 6 8 2 4 2 7 1248 216 3 4 268
4 10 2 277 6 8 2 5 1 85 1 2 2 1 2 1 1133 9 5 96
6 5 3 386 2 7 2 1 5 187 3 6 4 1 7 1 539 5 2 7
5 6 7 364 4 1324 4 2 5 15 128 6 2 4 2 10 315 6 1 11
1 2 2 514 5 111 6 8 3 2 50 3 1 1 2 423 143 6 1543 25
6 6 6 294 1 11 551 9 1 17 10 4 2 4 2 7 6 4 4 24
2 9 308 7 7 1 6 1 3 362 4 8 2 2 2 3 1 11 2 18
4 2 11 2 4 4 9 1 4 339 1 4 1 173 4 2 2 3 4 6
6 1 1235 349 7 4 12 1 4 46 45 9 13 179 4 4 15 9 349 163
2 20 725 661 4 101 2 5 13 237 38 2 6 248 8 309 14 16 1662 443
4 35 11 672 11 2048 2 3 1 3 1 2 2 244 13 1580 1 7 4 215
4 6 292 304 12 9 2 1 5 2 1 2 1 299 8 2 2 2 5 70
2 3 2 91 4 115 2 6 1 1 2 5 3 541 5 2 2 4 6 20
8 45 2 236 2 230 10 3 1 5 143 26 1 640 2 2424 81 4 3 10
4 4 77 802 8 12 6 5 1 4 16 13 1 152 14 2 252 6 459 36
4 3 1896 545 1 7 3 2 5 1047 54 6 3 344 3 12 153 2 1407 8
3 7 222 53 2 6 2 4 1 3 4 9 2 2 17 4 1 7 4 10
11 6 10 2 2 60 4 8 11 10 4 2 1 1698 3 3 1 3 2 14
1 4 7 46 2198 1983 4 17 2 4 4 6 1 707 6 455 95 3 329 9
2 2 2 724 2 2 6 6 2 9 35 2 3 1 2 2 486 3 8 45
4 8 2 367 4 4 2 11 3 48 54 2 2 2 16 552 618 9 6 5
4 6 53 397 4 6 7 2 1 32 53 4 2 2 1 1700 501 4 6 192
6 4 308 298 4 10 2 2 17 98 1 2 2 3 7 2 252 8 3 340
8 26 1128 181 8 5 4 2 12 133 6 2 2 2 5 4 276 1 4 367
6 6 831 212 2 6 6 6 12 2 74 7 11 126 6 32 4 3 6 481
6 6 7 2 2 1859 2 4 4 7 10 1 3 298 2 918 2 19 420 455
7 11 2 856 517 3 14 4 3 44 2 2 1 284 1 2 163 5 1891 370
2 4 2 693 5 9 6 1 12 85 3 2 6 346 2 10 234 2 8 203
2 4 293 283 2 12 6 4 3 2 1 40 1 513 14 3 83 2 4 7
4 8 2 379 5 1690 2 4 1 15 1 9 2 452 2 2 10 5 3 181
7 19 6 441 4 5 5 4 1 16 3 6 3 3 2 2 251 9 6 1
5 14 2029 388 1 4 6 19 6 15 3 5 15 8 6 4 520 7 6 111
2 6 290 242 2 4 2 9 4 1 2 4 2 2 4 5 383 11 2 25
3 6 7 164 3 402 2 5 9 3 2 6 358 82 4 2 504 11 4 21
6 6 3 473 4 5 2 7 1 2 11 7 33 1545 3 1 456 2 2 7
3 3 2 123 2 4 9 4 1 1 21 2 7 3 4 1543 78 2 4 3
13 6 2 205 43 5 12 11 3 6 1 3 6 2 2 4 338 6 4 56
2 11 896 479 4 34 6 2 1 2 2 7 4 1 3 2 98 12 2168 8
2 4 1344 230 5 7 4 2 2 7 4 6 5 372 9 4 2 2 8 1
6 4 10 240 4 4 4 6 2 4 2 4 6 1 5 349 335 6 7 1
4 9 10 388 11 5 10 4 10 1 2 4 4 165 1 1662 660 8 6 6
7 10 7 430 3 2037 9 2 4 3 6 6 5 2211 2 4 551 2 4 3
2 47 1 329 5 2 13 6 7 1 1 9 8 92 8 5 441 4 369 1
7 5 295 311 6 386 2 1 3 5 1 6 137 11 9 6 50 11 3 1
5 2 1990 83 6 2 7 6 1 13 9 9 74 2 1 3 7 5 2141 12
9 5 8 2 7 2 4 3 2 1 1 6 160 1 1 459 3 6 2 13
2 5 1 2 7 6 31 5 1 6 4 4 23 9 2 1407 3 2 4 3
9 12 2 2 8 4 2 2 1 4 10 2 177 396 1 4 475 3 6 16
6 7 295 330 2 2 5 4 1 1 21 10 55 533 5 2 1 6 3 68
5 1814 2 10 10 10 5 8 4 1 1 2 3 1 3 329 158 2 1867 16
2 4070 3 2 181 4 8 17 1 2 6 4 910 10 1 8 297 6 2 2
11 1208 1189 2 4 1554 2 6 20 1 2 2 682 20 6 6 241 10 11 16
1 2 57 1 6 2 2 11 2 1 1 2 1 85 3 6 378 4 2 64
12 6 74 1 4 3 4 2 2 3 1 2 3 8 5 3 318 8 3 14
2 9 45 3 10 5 4 2 1 7 2 6 4 4 2 4 270 12 1284 16
2 4 10 1 4 1340 6 2 1 5 2 13 7 3 4 6 505 9 527 16
4 6 2 3 9 8 2 6 1 4 3 6 3 2 8 420 5 7 2 528
2 5 1 10 2 9 4 4 1 3 2 8 2 1 17 1891 401 4 2 340
4 4 1 2 5 11 16 4 1 3 2 6 2 1 6 8 91 6 2 9
8 2735 7 5 7 5 1 1 1 2 2 5 2205 1 11 9 6 8 4 91
2 9 2 2 8 1144 6 4 4 1 3 2 29 1 2 6 7 4 1872 207
2 32 8 7 2 875 7 4 2 3 2 2 2 1 2 4 4 11 2 119
2 4 1 2 11 6 2 4 1 1 7 26 7 6 2 369 2 6 2 74
8 5 1 2 5 349 6 19 1 3 1 2 1 14 6 3 92 7 223 48
2 6 1 2 8 5 4 9 1 3 9 2 1553 6 4 2141 776 11 1908 19
8 4 2 2 9 4 2 5 2 5 2 2 1 2 4 2 623 9 7 1184
4 4 1 11 5 5 2 7 1 4 7 2 12 2 1 4 497 7 5 640
9 1814 2 21 2 9 6 4 4 1 9 2 5 1 4 6 215 6 5 292
3 4 11 1 2 1539 8 11 11 1 7 7 2 2 4 3 219 2 1 1126
8 367 2 2 11 88 6 41 2 4 1 2 250 3 4 745 14 4 745 43
2 5 14 4 6 4 2 3 1 1 4 6 1959 6 19 456 5 1 456 4
2 3 2 2 2 4 4 6 1 14 4 4 4 2 9 10 5 5 10 3
4 3 10 2 9 4 4 4 13 2 10 2 8 2 5 2 8 3 2 3
4 1733 2 6 2 11 10 9 2 1 18 1 13 2 7 4 424 1 4 136
6 45 14 1 2 2 7 1 1 3 4 4 785 2 4 1 240 6 1 12
2 1 10 1 4 14 4 2 14 2 2 8 2286 1 11 2 201 3 2 23
4 5 2 9 2 1899 1 4 13 4 1 10 1192 42 2 9 408 5 9 24
16 2 19 1 2 281 5 10 8 1 3 4 12 3 2 9 399 2 9 1
1 6 3 4 10 8 3 23 12 2 2 2 7 3 6 3 224 4 3 10
6 4 2 10 4 5 4 5 17 6 2 2 2 6 4 2 507 8 2 4
7 553 2 21 1 7 7 4 1 1 2 2 6 1 2 3 48 17 3 3
2 1926 6 1 7 6 6 5 4 1 1 4 1 6 6 8 2 6 8 4
6 2 2 6 6 4 1 6 24 7 1 4 1 5 1 6 2 11 6 36
4 9 5 2 6 4 5 6 7 2 2 5 1995 1 6 6 288 2 6 7
2 3 2 1 2 5 2 6 5 10 2 4 270 3 4 6 481 2 6 5
2 8 10 1 1 3 2 8 16 11 2 8 23 6 9 4 387 2 4 1
6 6 7 2 6 3 2 7 142 4 2 2 5 5 1 2 120 6 2 2
8 4 9 2 4 45 10 9 2 2 2 2 3 2 2 6 150 4 6 6